 Nodal density, velocity and total energy solutions [ 1229]:

   Node        density        u-velocity        v-velocity         total energy
      1      1.000000e+00      1.000000e+00      0.000000e+00      5.333000e-01
      2      6.446881e+00      3.426831e-03      3.101432e-03      3.975261e-01
      3      1.000000e+00      1.000000e+00      1.775322e-17      5.333000e-01
      4      1.000000e+00      1.000000e+00      6.468790e-17      5.333000e-01
      5      1.000000e+00      1.000000e+00      1.088416e-16      5.333000e-01
      6      1.000000e+00      1.000000e+00      1.513432e-16      5.333000e-01
      7      1.000000e+00      1.000000e+00      9.988481e-17      5.333000e-01
      8      3.129792e+00      4.441980e-01     -6.903372e-02      4.241976e-01
      9      6.012066e+00      2.810040e-01     -2.644741e-02      3.974255e-01
     10      5.642357e+00      3.076035e-01     -3.323197e-03      3.990488e-01
     11      5.661396e+00      3.008814e-01      3.581395e-03      3.973156e-01
     12      5.844113e+00      2.756943e-01      8.430787e-03      3.946693e-01
     13      6.135449e+00      2.298602e-01      1.586345e-02      3.913951e-01
     14      6.386928e+00      1.147864e-01      3.874452e-02      3.946895e-01
     15      5.547372e+00      4.071277e-02      2.013597e-01      3.953616e-01
     16      6.322503e+00      6.270411e-02      7.850420e-02      3.954112e-01
     17      5.919950e+00      4.615205e-02      1.589134e-01      3.938632e-01
     18      5.237244e+00      7.633285e-02      2.283182e-01      3.971367e-01
     19      5.363349e+00      5.678651e-02      2.175447e-01      3.958491e-01
     20      5.323724e+00      6.110198e-02      2.228068e-01      3.964549e-01
     21      4.837443e+00      1.440475e-01      2.540044e-01      4.021556e-01
     22      5.156210e+00      1.032532e-01      2.270330e-01      3.976016e-01
     23      5.074698e+00      1.163121e-01      2.371619e-01      3.996207e-01
     24      4.198188e+00      2.338957e-01      2.818385e-01      4.098806e-01
     25      4.670621e+00      1.765599e-01      2.532540e-01      4.027289e-01
     26      4.585612e+00      1.904096e-01      2.618282e-01      4.052455e-01
     27      3.706474e+00      3.075308e-01      2.681133e-01      4.150507e-01
     28      3.974156e+00      2.711243e-01      2.736069e-01      4.095949e-01
     29      4.086113e+00      2.635027e-01      2.623425e-01      4.091826e-01
     30      2.587173e+00      4.525275e-01      2.838901e-01      4.300244e-01
     31      2.780506e+00      4.195868e-01      3.031969e-01      4.274871e-01
     32      2.632841e+00      4.377636e-01      3.070178e-01      4.297370e-01
     33      2.098039e+00      5.376006e-01      2.348745e-01      4.366411e-01
     34      2.106509e+00      5.385580e-01      2.524702e-01      4.393545e-01
     35      2.150889e+00      5.318460e-01      2.446371e-01      4.367885e-01
     36      1.627137e+00      6.069438e-01      1.765002e-01      4.444600e-01
     37      1.886791e+00      5.676292e-01      2.139215e-01      4.399808e-01
     38      1.771574e+00      5.868629e-01      1.957072e-01      4.420282e-01
     39      1.144774e+00      6.818709e-01      8.728552e-02      4.545744e-01
     40      1.395229e+00      6.391183e-01      1.436010e-01      4.485465e-01
     41      1.243204e+00      6.635213e-01      1.114131e-01      4.518205e-01
     42      9.999997e-01      1.000000e+00      3.408574e-08      5.333000e-01
     43      1.279410e+00      6.657653e-01      1.115687e-01      4.533306e-01
     44      1.458031e+00      6.513870e-01      1.415035e-01      4.552569e-01
     45      1.587800e+00      6.388422e-01      1.604330e-01      4.539681e-01
     46      1.706769e+00      6.262703e-01      1.761543e-01      4.518500e-01
     47      1.826445e+00      6.157840e-01      1.897918e-01      4.506029e-01
     48      1.942170e+00      6.078822e-01      2.019169e-01      4.501554e-01
     49      2.070616e+00      5.995072e-01      2.146389e-01      4.496314e-01
     50      2.198062e+00      5.914771e-01      2.271933e-01      4.490461e-01
     51      2.317780e+00      5.845223e-01      2.386560e-01      4.485934e-01
     52      2.430798e+00      5.787174e-01      2.490324e-01      4.484139e-01
     53      2.538265e+00      5.743795e-01      2.589940e-01      4.484203e-01
     54      2.645851e+00      5.720665e-01      2.691094e-01      4.485695e-01
     55      2.763956e+00      5.723196e-01      2.793413e-01      4.490877e-01
     56      2.905431e+00      5.758179e-01      2.897766e-01      4.502166e-01
     57      3.076831e+00      5.832656e-01      3.019004e-01      4.521584e-01
     58      3.276354e+00      5.938764e-01      3.166875e-01      4.548776e-01
     59      3.498190e+00      6.050976e-01      3.325192e-01      4.580039e-01
     60      3.733938e+00      6.145981e-01      3.467946e-01      4.611989e-01
     61      3.969230e+00      6.213823e-01      3.586853e-01      4.642340e-01
     62      4.238766e+00      6.267267e-01      3.683601e-01      4.661689e-01
     63      4.516012e+00      6.336401e-01      3.802920e-01      4.686855e-01
     64      3.808267e+00      6.870150e-01      3.444837e-01      4.726155e-01
     65      1.914455e+00      8.219293e-01      2.081498e-01      4.938677e-01
     66      1.044448e+00      9.904405e-01      1.327671e-02      5.297109e-01
     67      1.000000e+00      1.000000e+00     -6.472745e-10      5.333000e-01
     68      1.000000e+00      1.000000e+00     -2.185881e-09      5.333000e-01
     69      1.000000e+00      1.000000e+00     -6.863142e-09      5.333000e-01
     70      1.000000e+00      1.000000e+00     -1.927703e-08      5.333000e-01
     71      1.000000e+00      1.000000e+00     -2.764217e-08      5.333000e-01
     72      1.000000e+00      1.000000e+00      5.154385e-09      5.333000e-01
     73      9.999998e-01      1.000000e+00      3.321835e-08      5.333000e-01
     74      1.000000e+00      1.000000e+00      0.000000e+00      5.333000e-01
     75      9.999997e-01      1.000000e+00      4.478637e-08      5.333000e-01
     76      9.999994e-01      1.000000e+00      7.427792e-08      5.333000e-01
     77      9.999994e-01      1.000000e+00      8.519484e-08      5.333000e-01
     78      9.999992e-01      1.000000e+00      1.059577e-07      5.333000e-01
     79      9.999991e-01      1.000000e+00      1.255325e-07      5.333000e-01
     80      9.999989e-01      1.000000e+00      1.463886e-07      5.333000e-01
     81      9.999987e-01      1.000000e+00      1.702144e-07      5.333000e-01
     82      9.999985e-01      1.000000e+00      1.973765e-07      5.333000e-01
     83      1.000006e+00      9.999999e-01     -8.689616e-07      5.333000e-01
     84      1.000003e+00      9.999999e-01     -4.687246e-07      5.333000e-01
     85      1.000000e+00      1.000000e+00     -2.743178e-18      5.333000e-01
     86      1.000000e+00      1.000000e+00     -3.554258e-17      5.333000e-01
     87      1.000000e+00      1.000000e+00     -5.621566e-17      5.333000e-01
     88      1.000000e+00      1.000000e+00     -2.597776e-17      5.333000e-01
     89      1.000000e+00      1.000000e+00      8.851396e-17      5.333000e-01
     90      1.000000e+00      1.000000e+00      1.968364e-16      5.333000e-01
     91      1.000000e+00      1.000000e+00      1.186239e-16      5.333000e-01
     92      1.000000e+00      1.000000e+00      1.254710e-16      5.333000e-01
     93      1.000000e+00      1.000000e+00      1.262659e-16      5.333000e-01
     94      1.000000e+00      1.000000e+00      6.042539e-17      5.333000e-01
     95      1.000000e+00      1.000000e+00     -9.235083e-17      5.333000e-01
     96      1.000000e+00      1.000000e+00     -1.594698e-16      5.333000e-01
     97      1.000000e+00      1.000000e+00     -6.393972e-17      5.333000e-01
     98      1.000000e+00      1.000000e+00      3.075192e-17      5.333000e-01
     99      1.000000e+00      1.000000e+00      6.440574e-19      5.333000e-01
    100      1.000000e+00      1.000000e+00      1.826507e-17      5.333000e-01
    101      1.000000e+00      1.000000e+00      2.898385e-17      5.333000e-01
    102      1.000000e+00      1.000000e+00      0.000000e+00      5.333000e-01
    103      1.000000e+00      1.000000e+00      0.000000e+00      5.333000e-01
    104      1.000000e+00      1.000000e+00      0.000000e+00      5.333000e-01
    105      1.000000e+00      1.000000e+00      0.000000e+00      5.333000e-01
    106      1.000000e+00      1.000000e+00      0.000000e+00      5.333000e-01
    107      1.000000e+00      1.000000e+00      0.000000e+00      5.333000e-01
    108      1.000000e+00      1.000000e+00      0.000000e+00      5.333000e-01
    109      1.000000e+00      1.000000e+00      0.000000e+00      5.333000e-01
    110      1.000000e+00      1.000000e+00      0.000000e+00      5.333000e-01
    111      1.000000e+00      1.000000e+00      0.000000e+00      5.333000e-01
    112      1.000000e+00      1.000000e+00      0.000000e+00      5.333000e-01
    113      1.000000e+00      1.000000e+00      0.000000e+00      5.333000e-01
    114      1.000000e+00      1.000000e+00      0.000000e+00      5.333000e-01
    115      1.000000e+00      1.000000e+00      0.000000e+00      5.333000e-01
    116      1.000000e+00      1.000000e+00      0.000000e+00      5.333000e-01
    117      1.000000e+00      1.000000e+00      0.000000e+00      5.333000e-01
    118      1.000000e+00      1.000000e+00      0.000000e+00      5.333000e-01
    119      1.000000e+00      1.000000e+00      0.000000e+00      5.333000e-01
    120      1.000000e+00      1.000000e+00      0.000000e+00      5.333000e-01
    121      1.000000e+00      1.000000e+00      0.000000e+00      5.333000e-01
    122      1.000000e+00      1.000000e+00      0.000000e+00      5.333000e-01
    123      1.000000e+00      1.000000e+00      0.000000e+00      5.333000e-01
    124      1.000000e+00      1.000000e+00      0.000000e+00      5.333000e-01
    125      1.000000e+00      1.000000e+00      0.000000e+00      5.333000e-01
    126      1.000000e+00      1.000000e+00      0.000000e+00      5.333000e-01
    127      1.000000e+00      1.000000e+00      0.000000e+00      5.333000e-01
    128      1.000000e+00      1.000000e+00      0.000000e+00      5.333000e-01
    129      1.000000e+00      1.000000e+00      0.000000e+00      5.333000e-01
    130      1.000000e+00      1.000000e+00      0.000000e+00      5.333000e-01
    131      1.000000e+00      1.000000e+00      0.000000e+00      5.333000e-01
    132      1.000000e+00      1.000000e+00      0.000000e+00      5.333000e-01
    133      1.000000e+00      1.000000e+00      0.000000e+00      5.333000e-01
    134      1.000000e+00      1.000000e+00      0.000000e+00      5.333000e-01
    135      1.000000e+00      1.000000e+00      0.000000e+00      5.333000e-01
    136      1.000000e+00      1.000000e+00      0.000000e+00      5.333000e-01
    137      1.000000e+00      1.000000e+00      0.000000e+00      5.333000e-01
    138      1.000000e+00      1.000000e+00      0.000000e+00      5.333000e-01
    139      1.000000e+00      1.000000e+00      0.000000e+00      5.333000e-01
    140      1.000000e+00      1.000000e+00      0.000000e+00      5.333000e-01
    141      1.000000e+00      1.000000e+00      0.000000e+00      5.333000e-01
    142      1.000000e+00      1.000000e+00      0.000000e+00      5.333000e-01
    143      1.000000e+00      1.000000e+00      0.000000e+00      5.333000e-01
    144      1.000000e+00      1.000000e+00      0.000000e+00      5.333000e-01
    145      1.000000e+00      1.000000e+00      0.000000e+00      5.333000e-01
    146      1.000000e+00      1.000000e+00      0.000000e+00      5.333000e-01
    147      1.000000e+00      1.000000e+00      0.000000e+00      5.333000e-01
    148      1.000000e+00      1.000000e+00      0.000000e+00      5.333000e-01
    149      3.428365e+00      3.271337e-01      2.740985e-01      4.190043e-01
    150      2.754741e+00      4.189860e-01      3.066979e-01      4.293321e-01
    151      2.836281e+00      4.220082e-01      2.867061e-01      4.288615e-01
    152      2.412140e+00      4.832945e-01      2.658561e-01      4.337699e-01
    153      2.316729e+00      5.034670e-01      2.534634e-01      4.358442e-01
    154      2.179937e+00      5.250495e-01      2.371110e-01      4.382261e-01
    155      1.910839e+00      5.698952e-01      2.096542e-01      4.426433e-01
    156      1.797315e+00      5.888770e-01      1.943480e-01      4.446961e-01
    157      1.629961e+00      6.118498e-01      1.736402e-01      4.474655e-01
    158      1.420566e+00      6.428052e-01      1.415173e-01      4.511744e-01
    159      1.462991e+00      6.469890e-01      1.436753e-01      4.541640e-01
    160      1.586037e+00      6.362776e-01      1.617537e-01      4.539919e-01
    161      1.703635e+00      6.238558e-01      1.770249e-01      4.519201e-01
    162      1.828356e+00      6.116327e-01      1.913799e-01      4.498864e-01
    163      1.943543e+00      6.037521e-01      2.035599e-01      4.496903e-01
    164      2.077021e+00      5.946084e-01      2.164101e-01      4.490454e-01
    165      2.213529e+00      5.859558e-01      2.287111e-01      4.483748e-01
    166      2.337553e+00      5.788786e-01      2.400073e-01      4.478607e-01
    167      2.452760e+00      5.730296e-01      2.502758e-01      4.476355e-01
    168      2.561918e+00      5.685230e-01      2.597532e-01      4.476441e-01
    169      2.668945e+00      5.659484e-01      2.692874e-01      4.477613e-01
    170      2.780720e+00      5.659460e-01      2.793599e-01      4.482111e-01
    171      2.910868e+00      5.690292e-01      2.897853e-01      4.492477e-01
    172      3.074351e+00      5.759483e-01      3.010976e-01      4.510297e-01
    173      3.272901e+00      5.865458e-01      3.147605e-01      4.536176e-01
    174      3.494085e+00      5.984959e-01      3.305527e-01      4.567645e-01
    175      3.727154e+00      6.089987e-01      3.458807e-01      4.600762e-01
    176      3.960943e+00      6.166470e-01      3.588360e-01      4.632919e-01
    177      4.213017e+00      6.220947e-01      3.691679e-01      4.657017e-01
    178      4.520933e+00      6.285778e-01      3.789972e-01      4.670337e-01
    179      3.840903e+00      6.754999e-01      3.478060e-01      4.712169e-01
    180      2.103091e+00      8.004408e-01      2.299490e-01      4.893946e-01
    181      1.050994e+00      9.862957e-01      1.538790e-02      5.281223e-01
    182      1.000000e+00      1.000000e+00     -2.663013e-10      5.333000e-01
    183      1.000000e+00      1.000000e+00     -9.306000e-10      5.333000e-01
    184      1.000000e+00      1.000000e+00     -3.105302e-09      5.333000e-01
    185      1.000000e+00      1.000000e+00     -9.530915e-09      5.333000e-01
    186      1.000000e+00      1.000000e+00     -2.587972e-08      5.333000e-01
    187      1.000000e+00      1.000000e+00     -2.122964e-08      5.333000e-01
    188      9.999999e-01      1.000000e+00      1.829787e-08      5.333000e-01
    189      9.999997e-01      1.000000e+00      3.744548e-08      5.333000e-01
    190      9.999996e-01      1.000000e+00      5.419230e-08      5.333000e-01
    191      9.999996e-01      1.000000e+00      5.281098e-08      5.333000e-01
    192      9.999997e-01      1.000000e+00      4.486336e-08      5.333000e-01
    193      9.999997e-01      1.000000e+00      3.919335e-08      5.333000e-01
    194      9.999998e-01      1.000000e+00      3.034441e-08      5.333000e-01
    195      1.000002e+00      1.000000e+00     -2.569854e-07      5.333000e-01
    196      1.000004e+00      9.999999e-01     -5.026784e-07      5.333000e-01
    197      1.000000e+00      1.000000e+00     -4.036623e-17      5.333000e-01
    198      1.000000e+00      1.000000e+00     -4.290391e-17      5.333000e-01
    199      1.000000e+00      1.000000e+00     -3.177643e-17      5.333000e-01
    200      1.000000e+00      1.000000e+00     -3.631131e-17      5.333000e-01
    201      1.000000e+00      1.000000e+00      6.789079e-17      5.333000e-01
    202      1.000000e+00      1.000000e+00      2.742819e-16      5.333000e-01
    203      1.000000e+00      1.000000e+00      2.987861e-16      5.333000e-01
    204      1.000000e+00      1.000000e+00      2.357522e-16      5.333000e-01
    205      1.000000e+00      1.000000e+00      2.169166e-16      5.333000e-01
    206      1.000000e+00      1.000000e+00      1.113918e-16      5.333000e-01
    207      1.000000e+00      1.000000e+00      1.554241e-17      5.333000e-01
    208      1.000000e+00      1.000000e+00     -5.482947e-17      5.333000e-01
    209      1.000000e+00      1.000000e+00     -1.477325e-17      5.333000e-01
    210      1.000000e+00      1.000000e+00      3.817056e-17      5.333000e-01
    211      1.000000e+00      1.000000e+00      6.552707e-17      5.333000e-01
    212      1.000000e+00      1.000000e+00      7.065374e-17      5.333000e-01
    213      1.000000e+00      1.000000e+00      5.754557e-17      5.333000e-01
    214      1.000000e+00      1.000000e+00      5.080199e-18      5.333000e-01
    215      1.000000e+00      1.000000e+00     -1.820280e-17      5.333000e-01
    216      1.000000e+00      1.000000e+00      5.549662e-18      5.333000e-01
    217      1.000000e+00      1.000000e+00      1.717104e-18      5.333000e-01
    218      1.000000e+00      1.000000e+00      4.210621e-18      5.333000e-01
    219      1.000000e+00      1.000000e+00      1.462158e-18      5.333000e-01
    220      1.000000e+00      1.000000e+00      2.359721e-17      5.333000e-01
    221      1.000000e+00      1.000000e+00     -3.151592e-17      5.333000e-01
    222      1.000000e+00      1.000000e+00     -2.030561e-17      5.333000e-01
    223      1.000000e+00      1.000000e+00      2.877426e-17      5.333000e-01
    224      1.000000e+00      1.000000e+00     -2.821625e-17      5.333000e-01
    225      1.000000e+00      1.000000e+00     -5.609425e-18      5.333000e-01
    226      1.000000e+00      1.000000e+00      2.863324e-17      5.333000e-01
    227      1.000000e+00      1.000000e+00     -2.203056e-17      5.333000e-01
    228      1.000000e+00      1.000000e+00      4.436851e-17      5.333000e-01
    229      1.000000e+00      1.000000e+00      7.043868e-18      5.333000e-01
    230      1.000000e+00      1.000000e+00      8.575280e-18      5.333000e-01
    231      1.000000e+00      1.000000e+00     -4.081017e-18      5.333000e-01
    232      1.000000e+00      1.000000e+00     -3.159108e-17      5.333000e-01
    233      1.000000e+00      1.000000e+00      1.002445e-17      5.333000e-01
    234      1.000000e+00      1.000000e+00      1.821225e-17      5.333000e-01
    235      1.000000e+00      1.000000e+00      8.040295e-18      5.333000e-01
    236      1.000000e+00      1.000000e+00     -2.388721e-17      5.333000e-01
    237      1.000000e+00      1.000000e+00     -1.187099e-17      5.333000e-01
    238      1.000000e+00      1.000000e+00     -5.561000e-17      5.333000e-01
    239      1.000000e+00      1.000000e+00     -2.732752e-17      5.333000e-01
    240      1.000000e+00      1.000000e+00      3.622659e-17      5.333000e-01
    241      1.000000e+00      1.000000e+00      5.437105e-17      5.333000e-01
    242      1.000000e+00      1.000000e+00     -4.547618e-17      5.333000e-01
    243      1.000000e+00      1.000000e+00      9.747452e-18      5.333000e-01
    244      1.000000e+00      1.000000e+00     -2.712488e-17      5.333000e-01
    245      1.000000e+00      1.000000e+00     -2.564594e-17      5.333000e-01
    246      1.000000e+00      1.000000e+00      5.938800e-17      5.333000e-01
    247      1.000000e+00      1.000000e+00     -4.162260e-18      5.333000e-01
    248      1.000000e+00      1.000000e+00      1.726991e-17      5.333000e-01
    249      1.000000e+00      1.000000e+00     -1.088455e-17      5.333000e-01
    250      1.000000e+00      1.000000e+00      1.205096e-17      5.333000e-01
    251      1.000000e+00      1.000000e+00     -1.043291e-17      5.333000e-01
    252      1.000000e+00      1.000000e+00      1.048876e-17      5.333000e-01
    253      1.000000e+00      1.000000e+00      1.270589e-17      5.333000e-01
    254      1.000000e+00      1.000000e+00     -2.490051e-17      5.333000e-01
    255      1.000000e+00      1.000000e+00     -2.471435e-17      5.333000e-01
    256      1.000000e+00      1.000000e+00      3.672564e-17      5.333000e-01
    257      1.000000e+00      1.000000e+00     -1.304159e-18      5.333000e-01
    258      1.000000e+00      1.000000e+00     -8.214036e-17      5.333000e-01
    259      1.000000e+00      1.000000e+00      1.093944e-17      5.333000e-01
    260      1.000000e+00      1.000000e+00      1.155735e-16      5.333000e-01
    261      1.000000e+00      1.000000e+00      1.654927e-16      5.333000e-01
    262      1.000000e+00      1.000000e+00      1.155642e-16      5.333000e-01
    263      1.466643e+00      7.642594e-01     -9.030599e-02      4.779811e-01
    264      4.391559e+00      3.096389e-01     -8.398916e-02      4.072950e-01
    265      5.330508e+00      2.521858e-01     -1.960249e-02      4.028772e-01
    266      5.283198e+00      2.509206e-01      5.364902e-03      4.008532e-01
    267      5.424929e+00      2.379193e-01      1.291781e-02      3.986356e-01
    268      5.663311e+00      2.100562e-01      2.864391e-02      3.951612e-01
    269      6.017083e+00      1.316805e-01      8.537846e-02      3.944039e-01
    270      5.649198e+00      5.532957e-02      1.625427e-01      3.967964e-01
    271      5.376606e+00      5.302504e-02      1.847550e-01      3.965413e-01
    272      5.282573e+00      5.450193e-02      1.939111e-01      3.962083e-01
    273      5.259268e+00      5.731301e-02      1.951880e-01      3.964803e-01
    274      5.187229e+00      7.780177e-02      1.901997e-01      3.972866e-01
    275      5.089225e+00      1.035358e-01      2.017211e-01      3.989185e-01
    276      4.945339e+00      1.218893e-01      2.180989e-01      4.016506e-01
    277      4.730691e+00      1.535164e-01      2.306981e-01      4.035868e-01
    278      4.610922e+00      1.768102e-01      2.369563e-01      4.049338e-01
    279      4.417919e+00      2.013122e-01      2.541732e-01      4.082974e-01
    280      4.110799e+00      2.457257e-01      2.620079e-01      4.104847e-01
    281      4.041494e+00      2.628019e-01      2.538333e-01      4.114968e-01
    282      4.045633e+00      2.631705e-01      2.427278e-01      4.122770e-01
    283      3.463749e+00      3.254573e-01      2.725654e-01      4.197402e-01
    284      2.956125e+00      4.042560e-01      2.941208e-01      4.286663e-01
    285      2.971084e+00      4.128727e-01      2.824724e-01      4.286513e-01
    286      2.736057e+00      4.422926e-01      2.756622e-01      4.319357e-01
    287      2.568698e+00      4.726635e-01      2.635301e-01      4.346897e-01
    288      2.514927e+00      4.861755e-01      2.546424e-01      4.355130e-01
    289      2.229716e+00      5.261493e-01      2.344318e-01      4.399580e-01
    290      1.964094e+00      5.708781e-01      2.108936e-01      4.450359e-01
    291      1.850206e+00      5.895144e-01      1.976539e-01      4.472081e-01
    292      1.684250e+00      6.151596e-01      1.771257e-01      4.506463e-01
    293      1.748240e+00      6.130966e-01      1.837446e-01      4.507795e-01
    294      1.865368e+00      6.007403e-01      1.967455e-01      4.485257e-01
    295      1.982269e+00      5.916544e-01      2.085184e-01      4.474081e-01
    296      2.127620e+00      5.813469e-01      2.229389e-01      4.476220e-01
    297      2.279626e+00      5.711265e-01      2.349163e-01      4.463107e-01
    298      2.410958e+00      5.644714e-01      2.451436e-01      4.459784e-01
    299      2.530381e+00      5.589503e-01      2.548365e-01      4.456888e-01
    300      2.638983e+00      5.547973e-01      2.637438e-01      4.458093e-01
    301      2.743513e+00      5.523052e-01      2.721157e-01      4.460021e-01
    302      2.849596e+00      5.523283e-01      2.810704e-01      4.463731e-01
    303      2.964417e+00      5.553194e-01      2.911278e-01      4.473436e-01
    304      3.106999e+00      5.618075e-01      3.020869e-01      4.490269e-01
    305      3.295715e+00      5.723966e-01      3.145048e-01      4.514820e-01
    306      3.523734e+00      5.855435e-01      3.292642e-01      4.546150e-01
    307      3.764051e+00      5.978201e-01      3.453532e-01      4.580744e-01
    308      4.001837e+00      6.070230e-01      3.599701e-01      4.615526e-01
    309      4.232580e+00      6.128446e-01      3.718283e-01      4.646431e-01
    310      4.525754e+00      6.192375e-01      3.810298e-01      4.657922e-01
    311      3.943291e+00      6.674218e-01      3.515633e-01      4.691023e-01
    312      1.873567e+00      8.293856e-01      1.964826e-01      4.938704e-01
    313      1.000000e+00      1.000000e+00     -2.160243e-11      5.333000e-01
    314      1.000000e+00      1.000000e+00     -7.901042e-11      5.333000e-01
    315      1.000000e+00      1.000000e+00     -2.837544e-10      5.333000e-01
    316      1.000000e+00      1.000000e+00     -9.904554e-10      5.333000e-01
    317      1.000000e+00      1.000000e+00     -3.298584e-09      5.333000e-01
    318      1.000000e+00      1.000000e+00     -1.008387e-08      5.333000e-01
    319      1.000000e+00      1.000000e+00     -2.726662e-08      5.333000e-01
    320      1.000000e+00      1.000000e+00     -1.935042e-08      5.333000e-01
    321      1.000000e+00      1.000000e+00     -2.685330e-17      5.333000e-01
    322      1.000000e+00      1.000000e+00     -1.991510e-18      5.333000e-01
    323      1.000000e+00      1.000000e+00      2.139819e-17      5.333000e-01
    324      1.000000e+00      1.000000e+00      5.829789e-18      5.333000e-01
    325      1.000000e+00      1.000000e+00      5.895605e-18      5.333000e-01
    326      1.000000e+00      1.000000e+00     -2.878932e-20      5.333000e-01
    327      1.000000e+00      1.000000e+00     -7.173231e-17      5.333000e-01
    328      1.000000e+00      1.000000e+00      4.870900e-17      5.333000e-01
    329      1.000000e+00      1.000000e+00      3.688291e-17      5.333000e-01
    330      1.000000e+00      1.000000e+00     -6.964538e-17      5.333000e-01
    331      1.000000e+00      1.000000e+00      5.700152e-18      5.333000e-01
    332      1.000000e+00      1.000000e+00      1.356800e-17      5.333000e-01
    333      1.000000e+00      1.000000e+00     -4.350171e-18      5.333000e-01
    334      1.000000e+00      1.000000e+00      7.425279e-17      5.333000e-01
    335      1.000000e+00      1.000000e+00      2.102818e-17      5.333000e-01
    336      1.000000e+00      1.000000e+00      1.609861e-17      5.333000e-01
    337      1.000000e+00      1.000000e+00     -5.388010e-17      5.333000e-01
    338      1.000000e+00      1.000000e+00     -5.366615e-18      5.333000e-01
    339      1.000000e+00      1.000000e+00      7.732724e-17      5.333000e-01
    340      1.000000e+00      1.000000e+00      4.961694e-17      5.333000e-01
    341      1.000000e+00      1.000000e+00      4.262437e-19      5.333000e-01
    342      1.000000e+00      1.000000e+00     -5.731300e-17      5.333000e-01
    343      1.000000e+00      1.000000e+00     -5.111438e-17      5.333000e-01
    344      1.000000e+00      1.000000e+00     -8.567612e-17      5.333000e-01
    345      1.000000e+00      1.000000e+00     -6.526694e-17      5.333000e-01
    346      1.000000e+00      1.000000e+00      9.676430e-17      5.333000e-01
    347      1.000000e+00      1.000000e+00      4.811382e-17      5.333000e-01
    348      1.000000e+00      1.000000e+00     -1.231282e-17      5.333000e-01
    349      1.000000e+00      1.000000e+00      3.323912e-17      5.333000e-01
    350      1.000000e+00      1.000000e+00     -4.453271e-17      5.333000e-01
    351      1.000000e+00      1.000000e+00      1.161722e-17      5.333000e-01
    352      1.000000e+00      1.000000e+00      3.769971e-17      5.333000e-01
    353      1.000000e+00      1.000000e+00     -5.328907e-17      5.333000e-01
    354      1.000000e+00      1.000000e+00      3.250043e-17      5.333000e-01
    355      1.000000e+00      1.000000e+00      9.513513e-18      5.333000e-01
    356      1.000000e+00      1.000000e+00      2.110722e-17      5.333000e-01
    357      1.000000e+00      1.000000e+00     -3.452919e-17      5.333000e-01
    358      1.000000e+00      1.000000e+00      1.000704e-17      5.333000e-01
    359      1.000000e+00      1.000000e+00      4.100552e-18      5.333000e-01
    360      1.000000e+00      1.000000e+00     -4.573842e-17      5.333000e-01
    361      1.000000e+00      1.000000e+00     -4.378153e-18      5.333000e-01
    362      1.000000e+00      1.000000e+00      4.548417e-17      5.333000e-01
    363      1.000000e+00      1.000000e+00     -1.193649e-16      5.333000e-01
    364      1.000000e+00      1.000000e+00     -3.455056e-17      5.333000e-01
    365      1.000000e+00      1.000000e+00     -8.960987e-18      5.333000e-01
    366      1.000000e+00      1.000000e+00     -8.212279e-17      5.333000e-01
    367      2.340190e+00      4.797193e-01     -1.237412e-01      4.341698e-01
    368      4.342295e+00      1.767463e-01     -6.337242e-02      4.121135e-01
    369      4.649592e+00      8.098259e-02      7.929075e-03      4.072964e-01
    370      4.825896e+00      7.343334e-02      1.443238e-02      4.043824e-01
    371      5.018185e+00      8.023445e-02      2.989500e-02      4.007892e-01
    372      5.386398e+00      9.206872e-02      9.873189e-02      3.966822e-01
    373      5.144094e+00      3.480362e-02      1.006862e-01      3.943598e-01
    374      5.127815e+00      2.814631e-02      1.034499e-01      3.941808e-01
    375      5.116927e+00      4.046012e-02      1.067925e-01      3.965303e-01
    376      5.080044e+00      6.157408e-02      1.177697e-01      3.998021e-01
    377      5.036754e+00      8.649442e-02      1.458103e-01      4.007636e-01
    378      4.925598e+00      1.109299e-01      1.665132e-01      4.022697e-01
    379      4.801002e+00      1.350971e-01      1.877105e-01      4.040216e-01
    380      4.663236e+00      1.613203e-01      2.048138e-01      4.054017e-01
    381      4.532016e+00      1.839746e-01      2.192167e-01      4.071264e-01
    382      4.359119e+00      2.099565e-01      2.331523e-01      4.092828e-01
    383      4.162015e+00      2.419295e-01      2.408247e-01      4.112301e-01
    384      4.145427e+00      2.615330e-01      2.426460e-01      4.117964e-01
    385      4.108789e+00      2.746324e-01      2.475325e-01      4.127348e-01
    386      3.574749e+00      3.374847e-01      2.755073e-01      4.198654e-01
    387      3.080376e+00      4.023557e-01      2.877227e-01      4.263689e-01
    388      3.129222e+00      4.081196e-01      2.793764e-01      4.256715e-01
    389      2.930889e+00      4.291052e-01      2.754648e-01      4.294984e-01
    390      2.807914e+00      4.514272e-01      2.690278e-01      4.313938e-01
    391      2.720036e+00      4.674936e-01      2.628453e-01      4.332206e-01
    392      2.532801e+00      4.913621e-01      2.525122e-01      4.358092e-01
    393      2.256596e+00      5.301871e-01      2.340347e-01      4.401220e-01
    394      1.992214e+00      5.740621e-01      2.116843e-01      4.455594e-01
    395      1.877428e+00      5.922532e-01      1.989653e-01      4.477503e-01
    396      2.008848e+00      5.793622e-01      2.117454e-01      4.453542e-01
    397      2.159650e+00      5.675196e-01      2.272720e-01      4.455326e-01
    398      2.322851e+00      5.562265e-01      2.398218e-01      4.443558e-01
    399      2.459231e+00      5.497645e-01      2.490065e-01      4.438560e-01
    400      2.589607e+00      5.444390e-01      2.575796e-01      4.435515e-01
    401      2.701656e+00      5.407668e-01      2.658553e-01      4.436172e-01
    402      2.800244e+00      5.385483e-01      2.734967e-01      4.440220e-01
    403      2.899956e+00      5.383042e-01      2.808919e-01      4.443298e-01
    404      3.004573e+00      5.408348e-01      2.895041e-01      4.450679e-01
    405      3.121041e+00      5.463568e-01      2.998729e-01      4.465510e-01
    406      3.275143e+00      5.556512e-01      3.117612e-01      4.487591e-01
    407      3.489892e+00      5.689101e-01      3.253179e-01      4.517033e-01
    408      3.744811e+00      5.831222e-01      3.406708e-01      4.551359e-01
    409      3.997350e+00      5.948943e-01      3.568030e-01      4.587925e-01
    410      4.230570e+00      6.027540e-01      3.709426e-01      4.624231e-01
    411      4.441508e+00      6.080170e-01      3.809185e-01      4.650279e-01
    412      4.206453e+00      6.468869e-01      3.638595e-01      4.664250e-01
    413      2.202309e+00      7.867301e-01      2.418898e-01      4.879055e-01
    414      1.011621e+00      9.994676e-01      2.057369e-03      5.331142e-01
    415      1.000000e+00      1.000000e+00     -1.325078e-11      5.333000e-01
    416      1.000000e+00      1.000000e+00     -4.913153e-11      5.333000e-01
    417      1.000000e+00      1.000000e+00     -1.800828e-10      5.333000e-01
    418      1.000000e+00      1.000000e+00     -6.487724e-10      5.333000e-01
    419      1.000000e+00      1.000000e+00     -2.275983e-09      5.333000e-01
    420      1.000000e+00      1.000000e+00     -7.418176e-09      5.333000e-01
    421      1.000000e+00      1.000000e+00     -2.457151e-08      5.333000e-01
    422      1.000000e+00      1.000000e+00     -3.941996e-08      5.333000e-01
    423      1.000000e+00      1.000000e+00     -1.777408e-08      5.333000e-01
    424      1.000000e+00      1.000000e+00     -4.037091e-08      5.333000e-01
    425      1.000000e+00      1.000000e+00     -5.833874e-08      5.333000e-01
    426      1.000001e+00      1.000000e+00     -7.984125e-08      5.333000e-01
    427      1.000001e+00      1.000000e+00     -9.876027e-08      5.333000e-01
    428      1.000001e+00      1.000000e+00     -7.238348e-08      5.333000e-01
    429      1.000000e+00      1.000000e+00      5.209969e-17      5.333000e-01
    430      1.000000e+00      1.000000e+00     -1.990789e-17      5.333000e-01
    431      1.000000e+00      1.000000e+00      4.479825e-17      5.333000e-01
    432      1.000000e+00      1.000000e+00      7.901649e-17      5.333000e-01
    433      1.000000e+00      1.000000e+00      1.379862e-16      5.333000e-01
    434      1.000000e+00      1.000000e+00      3.155311e-16      5.333000e-01
    435      1.000000e+00      1.000000e+00      3.904623e-16      5.333000e-01
    436      1.000000e+00      1.000000e+00      3.525862e-16      5.333000e-01
    437      1.000000e+00      1.000000e+00      2.934879e-16      5.333000e-01
    438      1.000000e+00      1.000000e+00      1.266203e-16      5.333000e-01
    439      1.000000e+00      1.000000e+00      4.204075e-17      5.333000e-01
    440      1.000000e+00      1.000000e+00      1.656598e-17      5.333000e-01
    441      1.000000e+00      1.000000e+00      3.732623e-17      5.333000e-01
    442      1.000000e+00      1.000000e+00      7.178224e-17      5.333000e-01
    443      1.000000e+00      1.000000e+00      4.336895e-17      5.333000e-01
    444      1.000000e+00      1.000000e+00      9.210181e-17      5.333000e-01
    445      1.000000e+00      1.000000e+00      5.752780e-17      5.333000e-01
    446      1.000000e+00      1.000000e+00      5.445791e-18      5.333000e-01
    447      1.000000e+00      1.000000e+00     -1.086966e-17      5.333000e-01
    448      1.000000e+00      1.000000e+00      4.260133e-17      5.333000e-01
    449      1.000000e+00      1.000000e+00      1.858158e-18      5.333000e-01
    450      1.000000e+00      1.000000e+00      5.370421e-17      5.333000e-01
    451      1.000000e+00      1.000000e+00     -6.466838e-17      5.333000e-01
    452      1.000000e+00      1.000000e+00     -4.937598e-17      5.333000e-01
    453      1.000000e+00      1.000000e+00      3.591493e-17      5.333000e-01
    454      1.000000e+00      1.000000e+00      1.231003e-17      5.333000e-01
    455      1.000000e+00      1.000000e+00     -5.705006e-17      5.333000e-01
    456      1.000000e+00      1.000000e+00     -6.184090e-18      5.333000e-01
    457      1.000000e+00      1.000000e+00     -4.387250e-17      5.333000e-01
    458      1.000000e+00      1.000000e+00      2.361807e-17      5.333000e-01
    459      1.000000e+00      1.000000e+00      8.796683e-17      5.333000e-01
    460      1.000000e+00      1.000000e+00      7.092066e-17      5.333000e-01
    461      1.000000e+00      1.000000e+00     -9.243904e-18      5.333000e-01
    462      1.000000e+00      1.000000e+00     -8.751244e-17      5.333000e-01
    463      1.000000e+00      1.000000e+00     -3.812144e-17      5.333000e-01
    464      1.000000e+00      1.000000e+00      1.004452e-16      5.333000e-01
    465      1.000000e+00      1.000000e+00      1.170749e-16      5.333000e-01
    466      1.000000e+00      1.000000e+00      4.100966e-17      5.333000e-01
    467      1.000000e+00      1.000000e+00     -1.091879e-16      5.333000e-01
    468      1.000000e+00      1.000000e+00     -1.287694e-16      5.333000e-01
    469      1.000000e+00      1.000000e+00     -1.344160e-16      5.333000e-01
    470      1.000000e+00      1.000000e+00     -1.833168e-17      5.333000e-01
    471      1.000000e+00      1.000000e+00      4.620741e-17      5.333000e-01
    472      1.000000e+00      1.000000e+00      3.736659e-18      5.333000e-01
    473      1.000000e+00      1.000000e+00      7.387245e-17      5.333000e-01
    474      1.000000e+00      1.000000e+00      7.819381e-17      5.333000e-01
    475      1.000000e+00      1.000000e+00     -4.716863e-17      5.333000e-01
    476      1.000000e+00      1.000000e+00      3.742154e-17      5.333000e-01
    477      1.000000e+00      1.000000e+00      2.619942e-17      5.333000e-01
    478      1.000000e+00      1.000000e+00      6.177311e-17      5.333000e-01
    479      1.000000e+00      1.000000e+00     -1.275452e-17      5.333000e-01
    480      1.000000e+00      1.000000e+00     -3.975536e-17      5.333000e-01
    481      1.000000e+00      1.000000e+00      5.092326e-18      5.333000e-01
    482      1.000000e+00      1.000000e+00     -5.676537e-17      5.333000e-01
    483      1.000000e+00      1.000000e+00     -1.780312e-18      5.333000e-01
    484      1.000000e+00      1.000000e+00      4.827685e-17      5.333000e-01
    485      1.000000e+00      1.000000e+00     -6.961673e-17      5.333000e-01
    486      1.000000e+00      1.000000e+00      4.469533e-17      5.333000e-01
    487      1.000000e+00      1.000000e+00     -3.649315e-17      5.333000e-01
    488      1.000000e+00      1.000000e+00     -1.918328e-16      5.333000e-01
    489      1.000000e+00      1.000000e+00     -1.866082e-16      5.333000e-01
    490      2.341834e+00      4.231154e-01     -1.789309e-02      4.374932e-01
    491      4.077509e+00      1.127422e-01      5.151117e-02      4.122928e-01
    492      4.596509e+00      2.900127e-02      3.790118e-02      4.092521e-01
    493      4.677684e+00      1.823632e-02      7.098604e-03      4.120460e-01
    494      4.877197e+00      1.233325e-02      1.493926e-02      4.034799e-01
    495      4.981989e+00      5.649087e-03      3.473658e-02      3.973749e-01
    496      4.993058e+00      3.330157e-02      4.530266e-02      3.988151e-01
    497      5.004609e+00      7.209330e-02      7.710955e-02      4.019102e-01
    498      5.058949e+00      1.041733e-01      1.171225e-01      4.021508e-01
    499      5.023059e+00      1.246841e-01      1.473313e-01      4.024360e-01
    500      4.940916e+00      1.429592e-01      1.702551e-01      4.026116e-01
    501      4.846153e+00      1.628504e-01      1.896299e-01      4.032957e-01
    502      4.743646e+00      1.845706e-01      2.062476e-01      4.046927e-01
    503      4.625067e+00      2.048981e-01      2.200001e-01      4.064632e-01
    504      4.484216e+00      2.271477e-01      2.318686e-01      4.083429e-01
    505      4.347989e+00      2.521296e-01      2.412493e-01      4.101618e-01
    506      4.286670e+00      2.741577e-01      2.488893e-01      4.115304e-01
    507      4.233079e+00      2.896816e-01      2.569219e-01      4.129170e-01
    508      3.956655e+00      3.261005e-01      2.772791e-01      4.175969e-01
    509      3.342215e+00      3.857264e-01      2.912753e-01      4.243972e-01
    510      3.357188e+00      4.035365e-01      2.866416e-01      4.262181e-01
    511      3.140578e+00      4.217123e-01      2.783087e-01      4.274860e-01
    512      3.032917e+00      4.431564e-01      2.757166e-01      4.302482e-01
    513      2.878252e+00      4.643483e-01      2.685399e-01      4.325744e-01
    514      2.745387e+00      4.759384e-01      2.622688e-01      4.340821e-01
    515      2.568608e+00      4.970751e-01      2.535228e-01      4.364066e-01
    516      2.270974e+00      5.372408e-01      2.357372e-01      4.412628e-01
    517      2.262506e+00      5.464160e-01      2.366529e-01      4.428154e-01
    518      2.400237e+00      5.377236e-01      2.464238e-01      4.420433e-01
    519      2.527572e+00      5.336659e-01      2.552348e-01      4.417802e-01
    520      2.664570e+00      5.280976e-01      2.628731e-01      4.415170e-01
    521      2.783942e+00      5.255573e-01      2.693403e-01      4.412818e-01
    522      2.875329e+00      5.248161e-01      2.759966e-01      4.420655e-01
    523      2.962616e+00      5.252352e-01      2.824715e-01      4.425687e-01
    524      3.061988e+00      5.279109e-01      2.895564e-01      4.431214e-01
    525      3.170679e+00      5.333034e-01      2.985800e-01      4.444715e-01
    526      3.300313e+00      5.418806e-01      3.101386e-01      4.465876e-01
    527      3.487571e+00      5.547735e-01      3.239734e-01      4.494862e-01
    528      3.746762e+00      5.702258e-01      3.390089e-01      4.529090e-01
    529      4.026353e+00      5.839023e-01      3.545140e-01      4.565287e-01
    530      4.274041e+00      5.939013e-01      3.702372e-01      4.604604e-01
    531      4.459293e+00      6.003955e-01      3.812927e-01      4.635824e-01
    532      4.073168e+00      6.368680e-01      3.614938e-01      4.651133e-01
    533      2.367960e+00      7.633340e-01      2.578055e-01      4.823355e-01
    534      1.035832e+00      9.976785e-01      6.802618e-03      5.324538e-01
    535      1.000000e+00      1.000000e+00     -2.318762e-13      5.333000e-01
    536      1.000000e+00      1.000000e+00     -1.213291e-12      5.333000e-01
    537      1.000000e+00      1.000000e+00     -6.347791e-12      5.333000e-01
    538      1.000000e+00      1.000000e+00     -3.321117e-11      5.333000e-01
    539      1.000000e+00      1.000000e+00     -1.737594e-10      5.333000e-01
    540      1.000000e+00      1.000000e+00     -9.090560e-10      5.333000e-01
    541      1.000000e+00      1.000000e+00     -4.044672e-09      5.333000e-01
    542      1.000000e+00      1.000000e+00     -2.656335e-08      5.333000e-01
    543      1.000000e+00      1.000000e+00     -2.744429e-08      5.333000e-01
    544      1.000000e+00      1.000000e+00     -2.374984e-08      5.333000e-01
    545      1.000000e+00      1.000000e+00     -1.053189e-08      5.333000e-01
    546      1.000000e+00      1.000000e+00      1.672216e-16      5.333000e-01
    547      1.000000e+00      1.000000e+00      2.238050e-16      5.333000e-01
    548      1.000000e+00      1.000000e+00      1.900515e-16      5.333000e-01
    549      1.000000e+00      1.000000e+00      1.495407e-16      5.333000e-01
    550      1.000000e+00      1.000000e+00      2.030130e-16      5.333000e-01
    551      1.000000e+00      1.000000e+00      2.624752e-16      5.333000e-01
    552      1.000000e+00      1.000000e+00      2.199890e-16      5.333000e-01
    553      1.000000e+00      1.000000e+00      2.265735e-16      5.333000e-01
    554      1.000000e+00      1.000000e+00      1.998572e-16      5.333000e-01
    555      1.000000e+00      1.000000e+00      5.924120e-17      5.333000e-01
    556      1.000000e+00      1.000000e+00     -7.816679e-17      5.333000e-01
    557      1.000000e+00      1.000000e+00     -6.512723e-17      5.333000e-01
    558      1.000000e+00      1.000000e+00     -5.602961e-17      5.333000e-01
    559      1.000000e+00      1.000000e+00     -2.287404e-17      5.333000e-01
    560      1.000000e+00      1.000000e+00     -3.518162e-17      5.333000e-01
    561      1.000000e+00      1.000000e+00     -5.938608e-17      5.333000e-01
    562      1.000000e+00      1.000000e+00     -3.207520e-17      5.333000e-01
    563      1.000000e+00      1.000000e+00     -3.199093e-17      5.333000e-01
    564      1.000000e+00      1.000000e+00      2.016436e-17      5.333000e-01
    565      1.000000e+00      1.000000e+00     -1.976254e-18      5.333000e-01
    566      1.000000e+00      1.000000e+00      5.947800e-18      5.333000e-01
    567      1.000000e+00      1.000000e+00     -2.385897e-17      5.333000e-01
    568      1.000000e+00      1.000000e+00      4.721703e-17      5.333000e-01
    569      1.000000e+00      1.000000e+00     -4.448885e-18      5.333000e-01
    570      1.000000e+00      1.000000e+00     -6.502995e-17      5.333000e-01
    571      1.000000e+00      1.000000e+00     -5.854281e-17      5.333000e-01
    572      1.000000e+00      1.000000e+00     -2.607225e-18      5.333000e-01
    573      1.000000e+00      1.000000e+00      2.874184e-17      5.333000e-01
    574      1.000000e+00      1.000000e+00      1.076864e-16      5.333000e-01
    575      1.000000e+00      1.000000e+00      7.031039e-17      5.333000e-01
    576      1.000000e+00      1.000000e+00      2.545410e-17      5.333000e-01
    577      1.000000e+00      1.000000e+00     -1.041710e-16      5.333000e-01
    578      1.000000e+00      1.000000e+00     -9.466521e-18      5.333000e-01
    579      1.000000e+00      1.000000e+00      1.455045e-16      5.333000e-01
    580      1.000000e+00      1.000000e+00      1.684028e-16      5.333000e-01
    581      1.000000e+00      1.000000e+00      2.786082e-18      5.333000e-01
    582      1.000000e+00      1.000000e+00     -1.610923e-16      5.333000e-01
    583      1.000000e+00      1.000000e+00     -1.776510e-16      5.333000e-01
    584      1.000000e+00      1.000000e+00     -8.112110e-17      5.333000e-01
    585      1.000000e+00      1.000000e+00      2.944597e-18      5.333000e-01
    586      1.000000e+00      1.000000e+00     -2.936925e-17      5.333000e-01
    587      1.000000e+00      1.000000e+00      3.002339e-17      5.333000e-01
    588      1.000000e+00      1.000000e+00      1.430982e-16      5.333000e-01
    589      1.000000e+00      1.000000e+00      1.332461e-16      5.333000e-01
    590      1.000000e+00      1.000000e+00     -1.928984e-17      5.333000e-01
    591      1.000000e+00      1.000000e+00      2.371176e-17      5.333000e-01
    592      1.000000e+00      1.000000e+00      1.638132e-16      5.333000e-01
    593      1.000000e+00      1.000000e+00      1.025877e-16      5.333000e-01
    594      1.000000e+00      1.000000e+00     -1.871448e-16      5.333000e-01
    595      1.000000e+00      1.000000e+00     -3.378866e-17      5.333000e-01
    596      1.000000e+00      1.000000e+00      1.251041e-17      5.333000e-01
    597      1.000000e+00      1.000000e+00     -6.370229e-17      5.333000e-01
    598      1.000000e+00      1.000000e+00      3.139140e-17      5.333000e-01
    599      1.000000e+00      1.000000e+00      1.741877e-17      5.333000e-01
    600      1.000000e+00      1.000000e+00     -3.574831e-17      5.333000e-01
    601      1.000000e+00      1.000000e+00      4.426149e-17      5.333000e-01
    602      1.000000e+00      1.000000e+00     -8.420530e-17      5.333000e-01
    603      2.111869e+00      5.281492e-01      1.038413e-01      4.423382e-01
    604      4.509484e+00      2.197494e-01      1.239444e-01      4.070325e-01
    605      4.836984e+00      1.260313e-01      7.191017e-02      4.078936e-01
    606      4.855890e+00      5.538571e-02      3.259457e-02      4.075699e-01
    607      4.944222e+00      5.688117e-02      4.886499e-02      4.033518e-01
    608      5.008056e+00      1.039861e-01      8.093560e-02      4.029486e-01
    609      5.131838e+00      1.415650e-01      1.224102e-01      4.002863e-01
    610      5.185698e+00      1.579991e-01      1.540139e-01      3.986151e-01
    611      5.114898e+00      1.563599e-01      1.685185e-01      3.994400e-01
    612      5.054082e+00      1.705372e-01      1.841263e-01      4.003063e-01
    613      4.972463e+00      1.923194e-01      2.032601e-01      4.028945e-01
    614      4.892569e+00      2.158997e-01      2.228876e-01      4.053339e-01
    615      4.767298e+00      2.328755e-01      2.335240e-01      4.070266e-01
    616      4.634076e+00      2.520714e-01      2.430517e-01      4.088375e-01
    617      4.501484e+00      2.689788e-01      2.494979e-01      4.103133e-01
    618      4.458153e+00      2.895430e-01      2.608021e-01      4.125587e-01
    619      4.340014e+00      3.030664e-01      2.678316e-01      4.139739e-01
    620      4.240166e+00      3.255921e-01      2.793918e-01      4.170925e-01
    621      3.723981e+00      3.722724e-01      2.922061e-01      4.235136e-01
    622      3.596618e+00      3.981381e-01      2.933066e-01      4.266449e-01
    623      3.388408e+00      4.179790e-01      2.885777e-01      4.283551e-01
    624      3.299497e+00      4.333996e-01      2.866016e-01      4.299745e-01
    625      3.129732e+00      4.511000e-01      2.804038e-01      4.315785e-01
    626      2.976315e+00      4.671219e-01      2.744894e-01      4.333068e-01
    627      2.808143e+00      4.831587e-01      2.676393e-01      4.351799e-01
    628      2.543960e+00      5.100802e-01      2.542847e-01      4.383383e-01
    629      2.681223e+00      5.065051e-01      2.637040e-01      4.382243e-01
    630      2.775041e+00      5.065721e-01      2.698410e-01      4.389572e-01
    631      2.876922e+00      5.074229e-01      2.740203e-01      4.387218e-01
    632      2.961865e+00      5.096625e-01      2.786343e-01      4.397369e-01
    633      3.034037e+00      5.115306e-01      2.840702e-01      4.407654e-01
    634      3.119401e+00      5.145080e-01      2.905123e-01      4.412947e-01
    635      3.224336e+00      5.196770e-01      2.980616e-01      4.423879e-01
    636      3.344876e+00      5.273859e-01      3.079748e-01      4.442708e-01
    637      3.502773e+00      5.391877e-01      3.215725e-01      4.470419e-01
    638      3.736970e+00      5.551688e-01      3.379534e-01      4.505744e-01
    639      4.033725e+00      5.705403e-01      3.532970e-01      4.541390e-01
    640      4.324796e+00      5.827814e-01      3.683471e-01      4.579367e-01
    641      4.498224e+00      5.930705e-01      3.807478e-01      4.621298e-01
    642      4.043792e+00      6.300817e-01      3.607741e-01      4.645274e-01
    643      2.397064e+00      7.513518e-01      2.598599e-01      4.790562e-01
    644      1.117540e+00      9.747904e-01      3.434524e-02      5.247650e-01
    645      1.000000e+00      1.000000e+00     -2.763616e-14      5.333000e-01
    646      1.000000e+00      1.000000e+00     -1.440006e-13      5.333000e-01
    647      1.000000e+00      1.000000e+00     -7.541013e-13      5.333000e-01
    648      1.000000e+00      1.000000e+00     -3.945832e-12      5.333000e-01
    649      1.000000e+00      1.000000e+00     -2.064440e-11      5.333000e-01
    650      1.000000e+00      1.000000e+00     -1.080094e-10      5.333000e-01
    651      1.000000e+00      1.000000e+00     -6.220748e-10      5.333000e-01
    652      1.000000e+00      1.000000e+00     -3.724766e-09      5.333000e-01
    653      1.000000e+00      1.000000e+00     -4.991343e-09      5.333000e-01
    654      1.000000e+00      1.000000e+00     -1.776099e-09      5.333000e-01
    655      1.000000e+00      1.000000e+00      3.978983e-17      5.333000e-01
    656      1.000000e+00      1.000000e+00      1.982179e-16      5.333000e-01
    657      1.000000e+00      1.000000e+00      2.503103e-16      5.333000e-01
    658      1.000000e+00      1.000000e+00      1.807101e-16      5.333000e-01
    659      1.000000e+00      1.000000e+00      1.646137e-16      5.333000e-01
    660      1.000000e+00      1.000000e+00      1.963867e-16      5.333000e-01
    661      1.000000e+00      1.000000e+00      9.924018e-17      5.333000e-01
    662      1.000000e+00      1.000000e+00     -1.374307e-17      5.333000e-01
    663      1.000000e+00      1.000000e+00     -5.718999e-17      5.333000e-01
    664      1.000000e+00      1.000000e+00     -9.960650e-17      5.333000e-01
    665      1.000000e+00      1.000000e+00     -1.858987e-16      5.333000e-01
    666      1.000000e+00      1.000000e+00     -1.149140e-16      5.333000e-01
    667      1.000000e+00      1.000000e+00     -3.730722e-17      5.333000e-01
    668      1.000000e+00      1.000000e+00     -6.384051e-17      5.333000e-01
    669      1.000000e+00      1.000000e+00     -5.342355e-17      5.333000e-01
    670      1.000000e+00      1.000000e+00     -6.615001e-17      5.333000e-01
    671      1.000000e+00      1.000000e+00     -6.988409e-17      5.333000e-01
    672      1.000000e+00      1.000000e+00      1.621222e-17      5.333000e-01
    673      1.000000e+00      1.000000e+00      7.203479e-17      5.333000e-01
    674      1.000000e+00      1.000000e+00     -3.109839e-17      5.333000e-01
    675      1.000000e+00      1.000000e+00     -5.432145e-17      5.333000e-01
    676      1.000000e+00      1.000000e+00      1.996564e-17      5.333000e-01
    677      1.000000e+00      1.000000e+00     -3.321559e-17      5.333000e-01
    678      1.000000e+00      1.000000e+00     -5.992308e-17      5.333000e-01
    679      1.000000e+00      1.000000e+00     -1.021626e-17      5.333000e-01
    680      1.000000e+00      1.000000e+00     -1.619290e-18      5.333000e-01
    681      1.000000e+00      1.000000e+00      4.418508e-17      5.333000e-01
    682      1.000000e+00      1.000000e+00      1.243796e-16      5.333000e-01
    683      1.000000e+00      1.000000e+00      8.894030e-17      5.333000e-01
    684      1.000000e+00      1.000000e+00     -4.759788e-17      5.333000e-01
    685      1.000000e+00      1.000000e+00     -1.650811e-16      5.333000e-01
    686      1.000000e+00      1.000000e+00      6.390263e-18      5.333000e-01
    687      1.000000e+00      1.000000e+00      1.480076e-16      5.333000e-01
    688      1.000000e+00      1.000000e+00      1.525230e-16      5.333000e-01
    689      1.000000e+00      1.000000e+00     -7.507965e-17      5.333000e-01
    690      1.000000e+00      1.000000e+00     -1.851852e-16      5.333000e-01
    691      1.000000e+00      1.000000e+00     -1.555390e-16      5.333000e-01
    692      1.000000e+00      1.000000e+00     -6.537911e-17      5.333000e-01
    693      1.000000e+00      1.000000e+00     -3.955424e-17      5.333000e-01
    694      1.000000e+00      1.000000e+00     -2.363253e-17      5.333000e-01
    695      1.000000e+00      1.000000e+00      7.824712e-17      5.333000e-01
    696      1.000000e+00      1.000000e+00      2.109687e-16      5.333000e-01
    697      1.000000e+00      1.000000e+00      9.156875e-17      5.333000e-01
    698      1.000000e+00      1.000000e+00     -4.442711e-17      5.333000e-01
    699      1.000000e+00      1.000000e+00      7.933184e-17      5.333000e-01
    700      1.000000e+00      1.000000e+00      2.296062e-16      5.333000e-01
    701      1.000000e+00      1.000000e+00     -3.816120e-17      5.333000e-01
    702      1.000000e+00      1.000000e+00     -1.281962e-16      5.333000e-01
    703      1.000000e+00      1.000000e+00      7.624368e-19      5.333000e-01
    704      1.000000e+00      1.000000e+00     -1.322849e-17      5.333000e-01
    705      1.000000e+00      1.000000e+00     -2.454891e-17      5.333000e-01
    706      1.000000e+00      1.000000e+00     -8.484176e-18      5.333000e-01
    707      1.000000e+00      1.000000e+00      1.676621e-17      5.333000e-01
    708      1.000000e+00      1.000000e+00      2.963599e-17      5.333000e-01
    709      3.132370e+00      4.014410e-01      1.699911e-01      4.177735e-01
    710      5.213877e+00      2.307172e-01      1.461591e-01      3.982740e-01
    711      5.095404e+00      1.594675e-01      9.910317e-02      4.019694e-01
    712      5.207123e+00      1.846957e-01      1.360844e-01      3.989598e-01
    713      5.226902e+00      1.800265e-01      1.574776e-01      3.972785e-01
    714      5.198581e+00      1.722693e-01      1.629282e-01      3.974766e-01
    715      5.182017e+00      1.751210e-01      1.716788e-01      3.987478e-01
    716      5.139649e+00      2.033216e-01      1.967365e-01      4.025401e-01
    717      5.072708e+00      2.246037e-01      2.231874e-01      4.052897e-01
    718      5.035391e+00      2.315131e-01      2.347156e-01      4.056544e-01
    719      4.972896e+00      2.390911e-01      2.369921e-01      4.065787e-01
    720      4.858522e+00      2.554975e-01      2.448234e-01      4.083675e-01
    721      4.703398e+00      2.753810e-01      2.543653e-01      4.106447e-01
    722      4.630244e+00      2.955045e-01      2.649785e-01      4.132634e-01
    723      4.478397e+00      3.091112e-01      2.763285e-01      4.152490e-01
    724      4.495042e+00      3.230536e-01      2.833919e-01      4.174661e-01
    725      4.251018e+00      3.473504e-01      2.904538e-01      4.207796e-01
    726      3.850833e+00      3.793680e-01      2.959361e-01      4.243832e-01
    727      3.739810e+00      3.985264e-01      2.961371e-01      4.268842e-01
    728      3.506137e+00      4.205250e-01      2.932678e-01      4.291217e-01
    729      3.427279e+00      4.336364e-01      2.909968e-01      4.305379e-01
    730      3.223227e+00      4.542222e-01      2.856684e-01      4.326104e-01
    731      3.058325e+00      4.705278e-01      2.804940e-01      4.342455e-01
    732      2.909465e+00      4.849443e-01      2.757598e-01      4.360445e-01
    733      2.878858e+00      4.918347e-01      2.749175e-01      4.369466e-01
    734      2.944337e+00      4.953408e-01      2.781418e-01      4.371534e-01
    735      3.024727e+00      4.993468e-01      2.819221e-01      4.382711e-01
    736      3.105386e+00      5.010940e-01      2.861152e-01      4.393877e-01
    737      3.190370e+00      5.040120e-01      2.922221e-01      4.398947e-01
    738      3.291670e+00      5.092990e-01      2.999062e-01      4.409414e-01
    739      3.416992e+00      5.168732e-01      3.087424e-01      4.426858e-01
    740      3.574758e+00      5.284184e-01      3.213356e-01      4.453539e-01
    741      3.796753e+00      5.449138e-01      3.388948e-01      4.490574e-01
    742      4.086385e+00      5.612952e-01      3.562451e-01      4.529093e-01
    743      4.402204e+00      5.737187e-01      3.699425e-01      4.563456e-01
    744      4.572499e+00      5.894844e-01      3.798673e-01      4.608011e-01
    745      3.747766e+00      6.386774e-01      3.456912e-01      4.641906e-01
    746      2.110285e+00      7.729396e-01      2.325735e-01      4.829918e-01
    747      1.114335e+00      9.664944e-01      3.481787e-02      5.218256e-01
    748      1.000000e+00      1.000000e+00     -1.285858e-16      5.333000e-01
    749      1.000000e+00      1.000000e+00      1.092188e-16      5.333000e-01
    750      1.000000e+00      1.000000e+00      2.188446e-16      5.333000e-01
    751      1.000000e+00      1.000000e+00      7.720420e-17      5.333000e-01
    752      1.000000e+00      1.000000e+00     -2.597040e-16      5.333000e-01
    753      1.000000e+00      1.000000e+00     -3.908408e-16      5.333000e-01
    754      1.000000e+00      1.000000e+00     -2.878870e-16      5.333000e-01
    755      1.000000e+00      1.000000e+00     -2.006372e-10      5.333000e-01
    756      1.000000e+00      1.000000e+00     -1.566061e-16      5.333000e-01
    757      1.000000e+00      1.000000e+00     -7.263618e-17      5.333000e-01
    758      1.000000e+00      1.000000e+00     -3.458403e-17      5.333000e-01
    759      1.000000e+00      1.000000e+00      3.333767e-18      5.333000e-01
    760      1.000000e+00      1.000000e+00      7.373749e-17      5.333000e-01
    761      1.000000e+00      1.000000e+00      1.283142e-16      5.333000e-01
    762      1.000000e+00      1.000000e+00      1.039435e-16      5.333000e-01
    763      1.000000e+00      1.000000e+00      1.414669e-17      5.333000e-01
    764      1.000000e+00      1.000000e+00     -1.519519e-16      5.333000e-01
    765      1.000000e+00      1.000000e+00     -2.318740e-16      5.333000e-01
    766      1.000000e+00      1.000000e+00     -1.975281e-16      5.333000e-01
    767      1.000000e+00      1.000000e+00     -6.742330e-17      5.333000e-01
    768      1.000000e+00      1.000000e+00      7.598876e-17      5.333000e-01
    769      1.000000e+00      1.000000e+00      5.696170e-18      5.333000e-01
    770      1.000000e+00      1.000000e+00     -3.949735e-17      5.333000e-01
    771      1.000000e+00      1.000000e+00     -3.647937e-17      5.333000e-01
    772      1.000000e+00      1.000000e+00      3.222299e-17      5.333000e-01
    773      1.000000e+00      1.000000e+00      5.183602e-17      5.333000e-01
    774      1.000000e+00      1.000000e+00     -9.463976e-17      5.333000e-01
    775      1.000000e+00      1.000000e+00     -4.185020e-17      5.333000e-01
    776      1.000000e+00      1.000000e+00      3.321976e-17      5.333000e-01
    777      1.000000e+00      1.000000e+00     -1.613940e-17      5.333000e-01
    778      1.000000e+00      1.000000e+00     -6.170728e-17      5.333000e-01
    779      1.000000e+00      1.000000e+00     -3.479473e-18      5.333000e-01
    780      1.000000e+00      1.000000e+00      1.093318e-17      5.333000e-01
    781      1.000000e+00      1.000000e+00      2.243360e-17      5.333000e-01
    782      1.000000e+00      1.000000e+00      1.272858e-16      5.333000e-01
    783      1.000000e+00      1.000000e+00      7.648395e-17      5.333000e-01
    784      1.000000e+00      1.000000e+00     -4.568388e-17      5.333000e-01
    785      1.000000e+00      1.000000e+00     -1.719655e-16      5.333000e-01
    786      1.000000e+00      1.000000e+00     -6.070144e-17      5.333000e-01
    787      1.000000e+00      1.000000e+00      1.285644e-16      5.333000e-01
    788      1.000000e+00      1.000000e+00      1.956427e-16      5.333000e-01
    789      1.000000e+00      1.000000e+00      3.796335e-17      5.333000e-01
    790      1.000000e+00      1.000000e+00     -1.448534e-16      5.333000e-01
    791      1.000000e+00      1.000000e+00     -1.919929e-16      5.333000e-01
    792      1.000000e+00      1.000000e+00     -1.283670e-16      5.333000e-01
    793      1.000000e+00      1.000000e+00     -4.864646e-17      5.333000e-01
    794      1.000000e+00      1.000000e+00      6.577956e-17      5.333000e-01
    795      1.000000e+00      1.000000e+00      8.478662e-17      5.333000e-01
    796      1.000000e+00      1.000000e+00      1.867388e-16      5.333000e-01
    797      1.000000e+00      1.000000e+00      1.007174e-16      5.333000e-01
    798      1.000000e+00      1.000000e+00      1.703654e-17      5.333000e-01
    799      1.000000e+00      1.000000e+00      8.821081e-17      5.333000e-01
    800      1.000000e+00      1.000000e+00      2.563286e-16      5.333000e-01
    801      1.000000e+00      1.000000e+00      8.842756e-17      5.333000e-01
    802      1.000000e+00      1.000000e+00     -1.714539e-16      5.333000e-01
    803      1.000000e+00      1.000000e+00     -5.769147e-17      5.333000e-01
    804      1.000000e+00      1.000000e+00      6.306801e-17      5.333000e-01
    805      1.077290e+00      9.710409e-01      2.201806e-02      5.231270e-01
    806      1.945188e+00      6.554118e-01      1.783593e-01      4.634075e-01
    807      2.381393e+00      4.823753e-01      1.060968e-01      4.355953e-01
    808      3.450240e+00      3.569569e-01      1.270946e-01      4.137533e-01
    809      5.095538e+00      2.305980e-01      1.368894e-01      3.974579e-01
    810      5.123446e+00      1.925859e-01      1.537886e-01      3.970696e-01
    811      5.096761e+00      1.834109e-01      1.633735e-01      3.976975e-01
    812      5.256835e+00      2.049741e-01      1.824026e-01      4.012010e-01
    813      5.284546e+00      2.200090e-01      1.949741e-01      4.030585e-01
    814      5.234457e+00      2.488799e-01      2.290800e-01      4.069221e-01
    815      5.069076e+00      2.387558e-01      2.447752e-01      4.066126e-01
    816      5.133922e+00      2.427571e-01      2.396564e-01      4.071210e-01
    817      5.049349e+00      2.591066e-01      2.470288e-01      4.091145e-01
    818      4.954979e+00      2.734955e-01      2.531295e-01      4.108197e-01
    819      4.800607e+00      2.901575e-01      2.611889e-01      4.127476e-01
    820      4.713254e+00      3.121074e-01      2.800848e-01      4.171349e-01
    821      4.573277e+00      3.248845e-01      2.905429e-01      4.188841e-01
    822      4.638772e+00      3.327561e-01      2.919725e-01      4.194089e-01
    823      4.391598e+00      3.557076e-01      3.002506e-01      4.228248e-01
    824      4.022668e+00      3.769370e-01      3.011490e-01      4.253779e-01
    825      4.062756e+00      3.860034e-01      3.052925e-01      4.266212e-01
    826      3.712769e+00      4.155034e-01      3.003704e-01      4.293508e-01
    827      3.605573e+00      4.319753e-01      2.985225e-01      4.310891e-01
    828      3.462920e+00      4.425329e-01      2.951437e-01      4.321309e-01
    829      3.269054e+00      4.612953e-01      2.916799e-01      4.341719e-01
    830      3.056000e+00      4.813194e-01      2.847748e-01      4.361666e-01
    831      3.105095e+00      4.872141e-01      2.877170e-01      4.372737e-01
    832      3.184294e+00      4.882129e-01      2.900477e-01      4.379705e-01
    833      3.277344e+00      4.910590e-01      2.941862e-01      4.383361e-01
    834      3.372382e+00      4.968175e-01      3.016174e-01      4.393605e-01
    835      3.487654e+00      5.044567e-01      3.106288e-01      4.411086e-01
    836      3.647881e+00      5.152400e-01      3.215389e-01      4.435362e-01
    837      3.875305e+00      5.320330e-01      3.384045e-01      4.471784e-01
    838      4.158776e+00      5.498861e-01      3.582681e-01      4.514185e-01
    839      4.466232e+00      5.623505e-01      3.738185e-01      4.547164e-01
    840      4.612755e+00      5.883188e-01      3.775125e-01      4.593283e-01
    841      3.464964e+00      6.474922e-01      3.315924e-01      4.647007e-01
    842      1.739685e+00      8.182728e-01      1.780289e-01      4.889588e-01
    843      1.000000e+00      1.000000e+00     -2.069075e-16      5.333000e-01
    844      1.000000e+00      1.000000e+00     -1.552444e-16      5.333000e-01
    845      1.000000e+00      1.000000e+00     -6.550294e-19      5.333000e-01
    846      1.000000e+00      1.000000e+00      1.355697e-16      5.333000e-01
    847      1.000000e+00      1.000000e+00      1.737012e-16      5.333000e-01
    848      1.000000e+00      1.000000e+00      4.574721e-17      5.333000e-01
    849      1.000000e+00      1.000000e+00     -2.204117e-16      5.333000e-01
    850      1.000000e+00      1.000000e+00     -2.750487e-16      5.333000e-01
    851      1.000000e+00      1.000000e+00     -2.490752e-16      5.333000e-01
    852      1.000000e+00      1.000000e+00     -2.262171e-16      5.333000e-01
    853      1.000000e+00      1.000000e+00     -2.719994e-16      5.333000e-01
    854      1.000000e+00      1.000000e+00     -1.862129e-16      5.333000e-01
    855      1.000000e+00      1.000000e+00     -1.503255e-17      5.333000e-01
    856      1.000000e+00      1.000000e+00      5.836534e-17      5.333000e-01
    857      1.000000e+00      1.000000e+00      1.511995e-17      5.333000e-01
    858      1.000000e+00      1.000000e+00     -9.211567e-17      5.333000e-01
    859      1.000000e+00      1.000000e+00     -1.507580e-16      5.333000e-01
    860      1.000000e+00      1.000000e+00     -6.731779e-17      5.333000e-01
    861      1.000000e+00      1.000000e+00      3.582357e-17      5.333000e-01
    862      1.000000e+00      1.000000e+00      9.277489e-17      5.333000e-01
    863      1.000000e+00      1.000000e+00     -1.366650e-17      5.333000e-01
    864      1.000000e+00      1.000000e+00     -6.258352e-18      5.333000e-01
    865      1.000000e+00      1.000000e+00      2.081266e-17      5.333000e-01
    866      1.000000e+00      1.000000e+00     -7.313847e-17      5.333000e-01
    867      1.000000e+00      1.000000e+00     -6.656748e-17      5.333000e-01
    868      1.000000e+00      1.000000e+00      1.052659e-16      5.333000e-01
    869      1.000000e+00      1.000000e+00      5.867778e-17      5.333000e-01
    870      1.000000e+00      1.000000e+00     -6.117778e-17      5.333000e-01
    871      1.000000e+00      1.000000e+00     -4.699224e-17      5.333000e-01
    872      1.000000e+00      1.000000e+00      7.111167e-18      5.333000e-01
    873      1.000000e+00      1.000000e+00     -1.647105e-17      5.333000e-01
    874      1.000000e+00      1.000000e+00      4.152166e-17      5.333000e-01
    875      1.000000e+00      1.000000e+00      1.136371e-16      5.333000e-01
    876      1.000000e+00      1.000000e+00      5.278730e-17      5.333000e-01
    877      1.000000e+00      1.000000e+00     -1.120396e-16      5.333000e-01
    878      1.000000e+00      1.000000e+00     -1.577160e-16      5.333000e-01
    879      1.000000e+00      1.000000e+00      5.631269e-18      5.333000e-01
    880      1.000000e+00      1.000000e+00      1.619914e-16      5.333000e-01
    881      1.000000e+00      1.000000e+00      1.539937e-16      5.333000e-01
    882      1.000000e+00      1.000000e+00      4.047506e-17      5.333000e-01
    883      1.000000e+00      1.000000e+00     -1.918491e-16      5.333000e-01
    884      1.000000e+00      1.000000e+00     -2.385267e-16      5.333000e-01
    885      1.000000e+00      1.000000e+00     -1.546860e-16      5.333000e-01
    886      1.000000e+00      1.000000e+00      5.912839e-17      5.333000e-01
    887      1.000000e+00      1.000000e+00      1.479850e-16      5.333000e-01
    888      1.000000e+00      1.000000e+00      9.956216e-17      5.333000e-01
    889      1.000000e+00      1.000000e+00      4.792514e-17      5.333000e-01
    890      1.000000e+00      1.000000e+00      2.884323e-17      5.333000e-01
    891      1.000000e+00      1.000000e+00      9.876241e-17      5.333000e-01
    892      1.000000e+00      1.000000e+00      1.880786e-16      5.333000e-01
    893      1.000000e+00      1.000000e+00      2.309800e-16      5.333000e-01
    894      1.000000e+00      1.000000e+00     -5.803187e-17      5.333000e-01
    895      1.660845e+00      7.331948e-01      1.543529e-01      4.778390e-01
    896      2.406197e+00      4.992221e-01      1.646413e-01      4.391856e-01
    897      3.000247e+00      4.368107e-01      1.827297e-01      4.290105e-01
    898      3.560905e+00      4.143794e-01      2.330176e-01      4.264679e-01
    899      4.452866e+00      2.812764e-01      1.891411e-01      4.072635e-01
    900      5.243626e+00      2.508511e-01      2.109205e-01      4.051282e-01
    901      5.388567e+00      2.765820e-01      2.267856e-01      4.071160e-01
    902      4.834531e+00      2.835674e-01      2.195999e-01      4.081449e-01
    903      4.908506e+00      2.437287e-01      2.400981e-01      4.078680e-01
    904      4.872449e+00      2.757893e-01      2.536546e-01      4.103516e-01
    905      5.227509e+00      2.739092e-01      2.522952e-01      4.115196e-01
    906      5.102631e+00      2.804359e-01      2.640546e-01      4.133065e-01
    907      5.070299e+00      2.964637e-01      2.653994e-01      4.155033e-01
    908      4.904929e+00      3.246684e-01      2.885872e-01      4.194226e-01
    909      4.702417e+00      3.302962e-01      3.023392e-01      4.199611e-01
    910      4.790734e+00      3.293225e-01      2.950215e-01      4.190365e-01
    911      4.729721e+00      3.384697e-01      2.959332e-01      4.207008e-01
    912      4.445259e+00      3.605551e-01      3.073359e-01      4.240753e-01
    913      4.292822e+00      3.744063e-01      3.113266e-01      4.258410e-01
    914      4.125000e+00      3.909055e-01      3.070327e-01      4.273920e-01
    915      3.804173e+00      4.201640e-01      3.038485e-01      4.301546e-01
    916      3.686636e+00      4.323793e-01      3.043446e-01      4.317478e-01
    917      3.486919e+00      4.487196e-01      3.011840e-01      4.334163e-01
    918      3.285876e+00      4.684243e-01      2.965788e-01      4.357445e-01
    919      3.274657e+00      4.758187e-01      2.950350e-01      4.365938e-01
    920      3.362010e+00      4.787444e-01      2.972895e-01      4.368321e-01
    921      3.459713e+00      4.849244e-01      3.027871e-01      4.378092e-01
    922      3.571921e+00      4.930036e-01      3.125045e-01      4.396512e-01
    923      3.723590e+00      5.030153e-01      3.235053e-01      4.419870e-01
    924      3.959343e+00      5.192489e-01      3.387734e-01      4.454038e-01
    925      4.267126e+00      5.387516e-01      3.594654e-01      4.498280e-01
    926      4.562081e+00      5.520169e-01      3.779252e-01      4.535875e-01
    927      4.584024e+00      5.832518e-01      3.767374e-01      4.572663e-01
    928      2.951191e+00      6.824983e-01      3.051015e-01      4.719314e-01
    929      1.361105e+00      8.835015e-01      1.061141e-01      5.039557e-01
    930      1.000000e+00      1.000000e+00     -2.096227e-16      5.333000e-01
    931      1.000000e+00      1.000000e+00     -1.220183e-16      5.333000e-01
    932      1.000000e+00      1.000000e+00     -4.274174e-17      5.333000e-01
    933      1.000000e+00      1.000000e+00      2.480874e-17      5.333000e-01
    934      1.000000e+00      1.000000e+00      1.193474e-16      5.333000e-01
    935      1.000000e+00      1.000000e+00      1.190067e-16      5.333000e-01
    936      1.000000e+00      1.000000e+00      3.625412e-17      5.333000e-01
    937      1.000000e+00      1.000000e+00     -1.969849e-16      5.333000e-01
    938      1.000000e+00      1.000000e+00     -2.977423e-16      5.333000e-01
    939      1.000000e+00      1.000000e+00     -2.457394e-16      5.333000e-01
    940      1.000000e+00      1.000000e+00     -1.094528e-16      5.333000e-01
    941      1.000000e+00      1.000000e+00     -5.285109e-17      5.333000e-01
    942      1.000000e+00      1.000000e+00     -6.822369e-17      5.333000e-01
    943      1.000000e+00      1.000000e+00     -1.375979e-16      5.333000e-01
    944      1.000000e+00      1.000000e+00     -1.795240e-16      5.333000e-01
    945      1.000000e+00      1.000000e+00     -8.941995e-17      5.333000e-01
    946      1.000000e+00      1.000000e+00     -7.494123e-18      5.333000e-01
    947      1.000000e+00      1.000000e+00     -1.106403e-18      5.333000e-01
    948      1.000000e+00      1.000000e+00     -7.752292e-17      5.333000e-01
    949      1.000000e+00      1.000000e+00     -6.924097e-17      5.333000e-01
    950      1.000000e+00      1.000000e+00     -1.001748e-16      5.333000e-01
    951      1.000000e+00      1.000000e+00      8.134867e-17      5.333000e-01
    952      1.000000e+00      1.000000e+00      1.563439e-16      5.333000e-01
    953      1.000000e+00      1.000000e+00     -3.975138e-17      5.333000e-01
    954      1.000000e+00      1.000000e+00     -1.270912e-16      5.333000e-01
    955      1.000000e+00      1.000000e+00     -4.189485e-17      5.333000e-01
    956      1.000000e+00      1.000000e+00     -5.417544e-17      5.333000e-01
    957      1.000000e+00      1.000000e+00     -4.758889e-17      5.333000e-01
    958      1.000000e+00      1.000000e+00      9.464616e-17      5.333000e-01
    959      1.000000e+00      1.000000e+00      8.855846e-17      5.333000e-01
    960      1.000000e+00      1.000000e+00      4.366326e-17      5.333000e-01
    961      1.000000e+00      1.000000e+00     -1.065335e-16      5.333000e-01
    962      1.000000e+00      1.000000e+00     -1.332139e-16      5.333000e-01
    963      1.000000e+00      1.000000e+00      5.136120e-17      5.333000e-01
    964      1.000000e+00      1.000000e+00      1.613672e-16      5.333000e-01
    965      1.000000e+00      1.000000e+00      1.816703e-16      5.333000e-01
    966      1.000000e+00      1.000000e+00      1.279080e-17      5.333000e-01
    967      1.000000e+00      1.000000e+00     -1.645901e-16      5.333000e-01
    968      1.000000e+00      1.000000e+00     -2.473734e-16      5.333000e-01
    969      1.000000e+00      1.000000e+00     -1.208009e-16      5.333000e-01
    970      1.000000e+00      1.000000e+00      7.899673e-17      5.333000e-01
    971      1.000000e+00      1.000000e+00      1.754133e-16      5.333000e-01
    972      1.000000e+00      1.000000e+00      7.668766e-17      5.333000e-01
    973      1.000000e+00      1.000000e+00     -1.752125e-17      5.333000e-01
    974      1.000000e+00      1.000000e+00      4.583673e-17      5.333000e-01
    975      1.000000e+00      1.000000e+00      1.404854e-16      5.333000e-01
    976      1.227792e+00      8.993190e-01      5.829439e-02      5.029478e-01
    977      2.335254e+00      5.579094e-01      1.979904e-01      4.459513e-01
    978      2.781625e+00      5.142668e-01      2.453108e-01      4.419838e-01
    979      3.988152e+00      3.498573e-01      2.348747e-01      4.169056e-01
    980      4.468372e+00      3.490179e-01      2.599854e-01      4.172001e-01
    981      4.730187e+00      3.249693e-01      2.717796e-01      4.170728e-01
    982      4.959112e+00      3.246453e-01      2.716581e-01      4.163205e-01
    983      5.102348e+00      3.300256e-01      2.712899e-01      4.149944e-01
    984      4.739678e+00      3.276847e-01      2.940548e-01      4.165780e-01
    985      4.673391e+00      3.318486e-01      3.014617e-01      4.202761e-01
    986      4.854337e+00      3.352319e-01      2.949315e-01      4.211684e-01
    987      4.765077e+00      3.444732e-01      3.021630e-01      4.226580e-01
    988      4.535621e+00      3.649124e-01      3.162424e-01      4.256725e-01
    989      4.440819e+00      3.758579e-01      3.156847e-01      4.263849e-01
    990      4.417734e+00      3.853667e-01      3.105799e-01      4.273886e-01
    991      4.015319e+00      4.101811e-01      3.104001e-01      4.303569e-01
    992      3.879671e+00      4.264072e-01      3.180174e-01      4.328897e-01
    993      3.665677e+00      4.414894e-01      3.105690e-01      4.335286e-01
    994      3.466054e+00      4.603163e-01      3.028974e-01      4.350392e-01
    995      3.525234e+00      4.693197e-01      3.039111e-01      4.360061e-01
    996      3.653264e+00      4.747328e-01      3.108736e-01      4.370888e-01
    997      3.786619e+00      4.840951e-01      3.224378e-01      4.394972e-01
    998      3.975192e+00      4.960970e-01      3.352976e-01      4.421802e-01
    999      4.293173e+00      5.176367e-01      3.550892e-01      4.465353e-01
   1000      4.640151e+00      5.369390e-01      3.766004e-01      4.513813e-01
   1001      4.619365e+00      5.628503e-01      3.798013e-01      4.539471e-01
   1002      2.940629e+00      6.809266e-01      3.066542e-01      4.716001e-01
   1003      1.102551e+00      9.851817e-01      2.657393e-02      5.286890e-01
   1004      1.000000e+00      1.000000e+00     -4.049564e-17      5.333000e-01
   1005      1.000000e+00      1.000000e+00     -8.791646e-17      5.333000e-01
   1006      1.000000e+00      1.000000e+00      6.778575e-17      5.333000e-01
   1007      1.000000e+00      1.000000e+00     -2.379909e-17      5.333000e-01
   1008      1.000000e+00      1.000000e+00     -2.185252e-17      5.333000e-01
   1009      1.000000e+00      1.000000e+00      4.404420e-17      5.333000e-01
   1010      1.000000e+00      1.000000e+00      1.269083e-16      5.333000e-01
   1011      1.000000e+00      1.000000e+00      9.366960e-18      5.333000e-01
   1012      1.000000e+00      1.000000e+00     -1.557441e-16      5.333000e-01
   1013      1.000000e+00      1.000000e+00     -1.758456e-17      5.333000e-01
   1014      1.000000e+00      1.000000e+00     -1.051521e-16      5.333000e-01
   1015      1.000000e+00      1.000000e+00     -2.458186e-16      5.333000e-01
   1016      1.000000e+00      1.000000e+00     -2.591943e-16      5.333000e-01
   1017      1.000000e+00      1.000000e+00     -2.213618e-16      5.333000e-01
   1018      1.000000e+00      1.000000e+00     -1.519320e-16      5.333000e-01
   1019      1.000000e+00      1.000000e+00     -1.097621e-16      5.333000e-01
   1020      1.000000e+00      1.000000e+00     -4.561693e-17      5.333000e-01
   1021      1.000000e+00      1.000000e+00      1.575715e-17      5.333000e-01
   1022      1.000000e+00      1.000000e+00     -2.209346e-17      5.333000e-01
   1023      1.000000e+00      1.000000e+00      1.496531e-16      5.333000e-01
   1024      1.000000e+00      1.000000e+00      5.849067e-17      5.333000e-01
   1025      1.000000e+00      1.000000e+00     -8.092173e-17      5.333000e-01
   1026      1.000000e+00      1.000000e+00     -6.626374e-17      5.333000e-01
   1027      1.000000e+00      1.000000e+00     -1.084408e-16      5.333000e-01
   1028      1.000000e+00      1.000000e+00     -7.031299e-17      5.333000e-01
   1029      1.000000e+00      1.000000e+00      9.518257e-17      5.333000e-01
   1030      1.000000e+00      1.000000e+00      1.317150e-16      5.333000e-01
   1031      1.000000e+00      1.000000e+00      6.199206e-17      5.333000e-01
   1032      1.000000e+00      1.000000e+00      1.834731e-17      5.333000e-01
   1033      1.000000e+00      1.000000e+00     -5.357729e-17      5.333000e-01
   1034      1.000000e+00      1.000000e+00     -3.229000e-17      5.333000e-01
   1035      1.000000e+00      1.000000e+00      1.637179e-17      5.333000e-01
   1036      1.000000e+00      1.000000e+00      1.788803e-16      5.333000e-01
   1037      1.000000e+00      1.000000e+00      1.805768e-16      5.333000e-01
   1038      1.000000e+00      1.000000e+00     -8.151499e-18      5.333000e-01
   1039      1.000000e+00      1.000000e+00     -2.042176e-16      5.333000e-01
   1040      1.000000e+00      1.000000e+00     -2.261108e-16      5.333000e-01
   1041      1.000000e+00      1.000000e+00     -1.616624e-16      5.333000e-01
   1042      1.000000e+00      1.000000e+00      5.970666e-17      5.333000e-01
   1043      1.000000e+00      1.000000e+00      1.939999e-16      5.333000e-01
   1044      1.000000e+00      1.000000e+00      9.608533e-17      5.333000e-01
   1045      1.491670e+00      7.940784e-01      1.251404e-01      4.874169e-01
   1046      2.034762e+00      5.991115e-01      1.510625e-01      4.503045e-01
   1047      2.989528e+00      4.866768e-01      2.212042e-01      4.346014e-01
   1048      3.229055e+00      4.663512e-01      2.578921e-01      4.315000e-01
   1049      4.194763e+00      3.629147e-01      2.531368e-01      4.140991e-01
   1050      3.550800e+00      4.223126e-01      2.654423e-01      4.254357e-01
   1051      4.166637e+00      3.964066e-01      2.833199e-01      4.234993e-01
   1052      3.911735e+00      4.194745e-01      2.742658e-01      4.231817e-01
   1053      4.423944e+00      4.001366e-01      3.085730e-01      4.234188e-01
   1054      4.579234e+00      4.000410e-01      3.293239e-01      4.259219e-01
   1055      4.728882e+00      3.909214e-01      3.185608e-01      4.248493e-01
   1056      4.636638e+00      3.958379e-01      3.231206e-01      4.261038e-01
   1057      4.278393e+00      4.087297e-01      3.273515e-01      4.298325e-01
   1058      4.132074e+00      4.254884e-01      3.307626e-01      4.315860e-01
   1059      3.967524e+00      4.367809e-01      3.208934e-01      4.327768e-01
   1060      3.706124e+00      4.532019e-01      3.102022e-01      4.343894e-01
   1061      3.936127e+00      4.593686e-01      3.193847e-01      4.355268e-01
   1062      4.042432e+00      4.711727e-01      3.323231e-01      4.386993e-01
   1063      4.302508e+00      4.906651e-01      3.479924e-01      4.421057e-01
   1064      4.675004e+00      5.185417e-01      3.717780e-01      4.481082e-01
   1065      4.496835e+00      5.607648e-01      3.703210e-01      4.528201e-01
   1066      3.090159e+00      6.577419e-01      3.116956e-01      4.649045e-01
   1067      1.365615e+00      9.058349e-01      1.063960e-01      5.103496e-01
   1068      1.000000e+00      1.000000e+00      1.117141e-16      5.333000e-01
   1069      1.000000e+00      1.000000e+00      3.997421e-17      5.333000e-01
   1070      1.000000e+00      1.000000e+00      2.015259e-16      5.333000e-01
   1071      1.000000e+00      1.000000e+00      1.737449e-16      5.333000e-01
   1072      1.000000e+00      1.000000e+00      5.085517e-17      5.333000e-01
   1073      1.000000e+00      1.000000e+00     -5.340204e-17      5.333000e-01
   1074      1.000000e+00      1.000000e+00      1.057693e-16      5.333000e-01
   1075      1.000000e+00      1.000000e+00      4.404395e-17      5.333000e-01
   1076      1.000000e+00      1.000000e+00     -1.688427e-17      5.333000e-01
   1077      1.000000e+00      1.000000e+00     -1.810398e-16      5.333000e-01
   1078      1.000000e+00      1.000000e+00     -3.018451e-16      5.333000e-01
   1079      1.000000e+00      1.000000e+00     -2.332040e-16      5.333000e-01
   1080      1.000000e+00      1.000000e+00     -6.895835e-17      5.333000e-01
   1081      1.000000e+00      1.000000e+00     -5.870284e-18      5.333000e-01
   1082      1.000000e+00      1.000000e+00     -5.815833e-17      5.333000e-01
   1083      1.000000e+00      1.000000e+00     -3.323510e-17      5.333000e-01
   1084      1.000000e+00      1.000000e+00      8.062362e-17      5.333000e-01
   1085      1.000000e+00      1.000000e+00     -2.683975e-17      5.333000e-01
   1086      1.000000e+00      1.000000e+00      4.643655e-17      5.333000e-01
   1087      1.000000e+00      1.000000e+00     -9.928746e-17      5.333000e-01
   1088      1.000000e+00      1.000000e+00     -9.667992e-17      5.333000e-01
   1089      1.000000e+00      1.000000e+00      2.809657e-17      5.333000e-01
   1090      1.000000e+00      1.000000e+00      8.287416e-17      5.333000e-01
   1091      1.000000e+00      1.000000e+00      8.860134e-17      5.333000e-01
   1092      1.000000e+00      1.000000e+00      1.041326e-16      5.333000e-01
   1093      1.000000e+00      1.000000e+00      6.470144e-18      5.333000e-01
   1094      1.000000e+00      1.000000e+00      4.416121e-18      5.333000e-01
   1095      1.000000e+00      1.000000e+00     -3.753065e-17      5.333000e-01
   1096      1.000000e+00      1.000000e+00      5.034608e-17      5.333000e-01
   1097      1.000000e+00      1.000000e+00      2.032017e-16      5.333000e-01
   1098      1.000000e+00      1.000000e+00      1.091436e-16      5.333000e-01
   1099      1.000000e+00      1.000000e+00     -6.741132e-17      5.333000e-01
   1100      1.000000e+00      1.000000e+00     -2.152608e-16      5.333000e-01
   1101      1.000000e+00      1.000000e+00     -1.980283e-16      5.333000e-01
   1102      1.000000e+00      1.000000e+00     -6.904575e-17      5.333000e-01
   1103      1.210677e+00      9.320471e-01      6.462968e-02      5.156707e-01
   1104      1.632131e+00      7.673486e-01      1.507798e-01      4.781075e-01
   1105      2.247576e+00      6.332665e-01      2.061828e-01      4.502852e-01
   1106      2.520386e+00      6.150725e-01      2.369849e-01      4.496604e-01
   1107      3.340336e+00      5.226672e-01      2.960271e-01      4.352699e-01
   1108      3.275964e+00      5.141004e-01      2.755706e-01      4.362538e-01
   1109      4.028440e+00      4.563677e-01      3.089859e-01      4.314682e-01
   1110      4.202523e+00      4.380126e-01      3.357367e-01      4.333098e-01
   1111      4.394412e+00      4.179790e-01      3.394979e-01      4.309727e-01
   1112      4.402990e+00      4.349806e-01      3.321742e-01      4.339545e-01
   1113      4.213604e+00      4.465496e-01      3.249231e-01      4.345673e-01
   1114      4.185085e+00      4.589747e-01      3.323291e-01      4.373016e-01
   1115      4.370888e+00      4.764288e-01      3.488769e-01      4.401961e-01
   1116      4.770923e+00      5.078723e-01      3.708434e-01      4.461105e-01
   1117      4.313351e+00      5.728924e-01      3.600526e-01      4.531914e-01
   1118      2.485433e+00      7.025412e-01      2.704053e-01      4.722311e-01
   1119      1.311275e+00      8.985604e-01      9.557643e-02      5.084188e-01
   1120      1.000000e+00      1.000000e+00      1.316793e-16      5.333000e-01
   1121      1.000000e+00      1.000000e+00      6.933337e-17      5.333000e-01
   1122      1.000000e+00      1.000000e+00      2.348376e-16      5.333000e-01
   1123      1.000000e+00      1.000000e+00      2.206618e-16      5.333000e-01
   1124      1.000000e+00      1.000000e+00      1.131347e-16      5.333000e-01
   1125      1.000000e+00      1.000000e+00      4.210666e-18      5.333000e-01
   1126      1.000000e+00      1.000000e+00      1.297064e-17      5.333000e-01
   1127      1.000000e+00      1.000000e+00      1.049866e-16      5.333000e-01
   1128      1.000000e+00      1.000000e+00     -8.174489e-17      5.333000e-01
   1129      1.000000e+00      1.000000e+00     -9.884692e-17      5.333000e-01
   1130      1.000000e+00      1.000000e+00     -8.432834e-18      5.333000e-01
   1131      1.000000e+00      1.000000e+00      1.176159e-16      5.333000e-01
   1132      1.000000e+00      1.000000e+00      8.788648e-17      5.333000e-01
   1133      1.000000e+00      1.000000e+00     -2.429967e-17      5.333000e-01
   1134      1.000000e+00      1.000000e+00      1.145895e-16      5.333000e-01
   1135      1.000000e+00      1.000000e+00      4.187724e-17      5.333000e-01
   1136      1.000000e+00      1.000000e+00     -6.644343e-17      5.333000e-01
   1137      1.000000e+00      1.000000e+00     -4.392468e-17      5.333000e-01
   1138      1.000000e+00      1.000000e+00      2.507301e-18      5.333000e-01
   1139      1.000000e+00      1.000000e+00      3.132237e-19      5.333000e-01
   1140      1.000000e+00      1.000000e+00      1.784533e-16      5.333000e-01
   1141      1.000000e+00      1.000000e+00      6.521707e-17      5.333000e-01
   1142      1.000000e+00      1.000000e+00     -2.348091e-17      5.333000e-01
   1143      1.000000e+00      1.000000e+00     -3.861951e-17      5.333000e-01
   1144      1.000000e+00      1.000000e+00      5.983407e-18      5.333000e-01
   1145      1.000000e+00      1.000000e+00      6.013536e-17      5.333000e-01
   1146      1.000000e+00      1.000000e+00      1.156732e-16      5.333000e-01
   1147      1.000000e+00      1.000000e+00      9.974594e-17      5.333000e-01
   1148      1.000000e+00      1.000000e+00     -1.342846e-16      5.333000e-01
   1149      1.062772e+00      9.909532e-01      1.618502e-02      5.304718e-01
   1150      1.242680e+00      9.269459e-01      7.099902e-02      5.132924e-01
   1151      1.551151e+00      8.264297e-01      1.274611e-01      4.866275e-01
   1152      1.898268e+00      7.337250e-01      1.796876e-01      4.752667e-01
   1153      2.580821e+00      6.216190e-01      2.651833e-01      4.574441e-01
   1154      3.222605e+00      5.814721e-01      2.968232e-01      4.495871e-01
   1155      4.214452e+00      4.735511e-01      3.287044e-01      4.374589e-01
   1156      4.269050e+00      4.923082e-01      3.332594e-01      4.399232e-01
   1157      4.445949e+00      4.577381e-01      3.437397e-01      4.381302e-01
   1158      4.712634e+00      4.896174e-01      3.668026e-01      4.429562e-01
   1159      4.346253e+00      5.668013e-01      3.589025e-01      4.511008e-01
   1160      2.173852e+00      7.484186e-01      2.385312e-01      4.783358e-01
   1161      1.000000e+00      1.000000e+00     -5.870728e-17      5.333000e-01
   1162      1.000000e+00      1.000000e+00      6.128543e-17      5.333000e-01
   1163      1.000000e+00      1.000000e+00      1.319290e-16      5.333000e-01
   1164      1.000000e+00      1.000000e+00      1.983556e-16      5.333000e-01
   1165      1.000000e+00      1.000000e+00      2.240444e-16      5.333000e-01
   1166      1.000000e+00      1.000000e+00      7.578236e-17      5.333000e-01
   1167      1.000000e+00      1.000000e+00      1.058316e-17      5.333000e-01
   1168      1.000000e+00      1.000000e+00      3.332122e-17      5.333000e-01
   1169      1.000000e+00      1.000000e+00      1.490178e-16      5.333000e-01
   1170      1.000000e+00      1.000000e+00      9.685601e-17      5.333000e-01
   1171      1.000000e+00      1.000000e+00      7.023669e-17      5.333000e-01
   1172      1.000000e+00      1.000000e+00      7.508839e-17      5.333000e-01
   1173      1.000000e+00      1.000000e+00      1.044225e-16      5.333000e-01
   1174      1.000000e+00      1.000000e+00      1.135330e-16      5.333000e-01
   1175      1.000000e+00      1.000000e+00      7.961168e-18      5.333000e-01
   1176      1.000000e+00      1.000000e+00     -5.699706e-17      5.333000e-01
   1177      1.000000e+00      1.000000e+00     -1.952461e-17      5.333000e-01
   1178      1.000000e+00      1.000000e+00     -4.336760e-17      5.333000e-01
   1179      1.000000e+00      1.000000e+00      8.715267e-17      5.333000e-01
   1180      1.000000e+00      1.000000e+00      1.792607e-16      5.333000e-01
   1181      1.000000e+00      1.000000e+00     -5.952822e-18      5.333000e-01
   1182      1.000000e+00      1.000000e+00     -7.444801e-17      5.333000e-01
   1183      1.000000e+00      1.000000e+00      1.736545e-17      5.333000e-01
   1184      1.000000e+00      1.000000e+00      3.980224e-17      5.333000e-01
   1185      1.000000e+00      1.000000e+00     -2.855649e-17      5.333000e-01
   1186      1.000000e+00      1.000000e+00      9.674130e-17      5.333000e-01
   1187      1.044629e+00      9.952868e-01      1.041948e-02      5.318323e-01
   1188      1.201055e+00      9.535545e-01      5.224564e-02      5.182977e-01
   1189      1.630202e+00      8.434234e-01      1.430603e-01      4.919207e-01
   1190      2.844975e+00      6.316776e-01      2.659250e-01      4.543208e-01
   1191      2.786968e+00      6.569876e-01      2.767066e-01      4.601721e-01
   1192      4.246681e+00      5.341192e-01      3.511738e-01      4.463510e-01
   1193      2.242151e+00      7.493667e-01      2.438631e-01      4.787098e-01
   1194      1.016226e+00      9.985186e-01      3.557897e-03      5.326913e-01
   1195      1.000000e+00      1.000000e+00     -8.824945e-17      5.333000e-01
   1196      1.000000e+00      1.000000e+00      3.337203e-17      5.333000e-01
   1197      1.000000e+00      1.000000e+00      1.657288e-16      5.333000e-01
   1198      1.000000e+00      1.000000e+00      2.168075e-16      5.333000e-01
   1199      1.000000e+00      1.000000e+00      6.363687e-17      5.333000e-01
   1200      1.000000e+00      1.000000e+00     -6.145947e-17      5.333000e-01
   1201      1.000000e+00      1.000000e+00      1.256080e-17      5.333000e-01
   1202      1.000000e+00      1.000000e+00      1.060866e-16      5.333000e-01
   1203      1.000000e+00      1.000000e+00      6.564625e-17      5.333000e-01
   1204      1.000000e+00      1.000000e+00     -2.844696e-17      5.333000e-01
   1205      1.000000e+00      1.000000e+00     -7.625977e-17      5.333000e-01
   1206      1.000000e+00      1.000000e+00     -1.378274e-16      5.333000e-01
   1207      1.000000e+00      1.000000e+00      3.674964e-17      5.333000e-01
   1208      1.000000e+00      1.000000e+00     -1.108470e-18      5.333000e-01
   1209      1.000000e+00      1.000000e+00      3.264340e-17      5.333000e-01
   1210      1.000000e+00      1.000000e+00      1.625281e-16      5.333000e-01
   1211      1.000000e+00      1.000000e+00      3.999959e-17      5.333000e-01
   1212      1.000000e+00      1.000000e+00     -9.068944e-17      5.333000e-01
   1213      1.000000e+00      1.000000e+00     -3.977054e-17      5.333000e-01
   1214      1.000000e+00      1.000000e+00      8.217539e-17      5.333000e-01
   1215      1.000000e+00      1.000000e+00      4.567597e-18      5.333000e-01
   1216      1.000000e+00      1.000000e+00      2.357102e-17      5.333000e-01
   1217      1.335543e+00      8.896603e-01      8.541527e-02      5.022531e-01
   1218      1.289537e+00      9.238782e-01      8.955636e-02      5.120042e-01
   1219      1.027520e+00      9.963098e-01      6.558486e-03      5.317373e-01
   1220      1.000000e+00      1.000000e+00      2.201038e-17      5.333000e-01
   1221      1.000000e+00      1.000000e+00     -5.660960e-17      5.333000e-01
   1222      1.000000e+00      1.000000e+00     -3.664915e-17      5.333000e-01
   1223      1.000000e+00      1.000000e+00      1.161147e-16      5.333000e-01
   1224      1.000000e+00      1.000000e+00      1.316841e-16      5.333000e-01
   1225      1.000000e+00      1.000000e+00      1.468898e-17      5.333000e-01
   1226      1.000000e+00      1.000000e+00     -7.843876e-19      5.333000e-01
   1227      1.000000e+00      1.000000e+00      1.203984e-16      5.333000e-01
   1228      1.000000e+00      1.000000e+00     -5.162061e-17      5.333000e-01
   1229      1.000000e+00      1.000000e+00      7.656930e-17      5.333000e-01
