 Nodal density, velocity and total energy solutions [ 1229]:

   Node        density        u-velocity        v-velocity         total energy
      1      1.000000e+00      1.000000e+00      0.000000e+00      5.333000e-01
      2      5.960591e+00      1.206284e-03      1.073972e-03      3.994962e-01
      3      1.000000e+00      1.000000e+00      4.563189e-17      5.333000e-01
      4      1.000000e+00      1.000000e+00      9.772126e-17      5.333000e-01
      5      1.000000e+00      1.000000e+00      7.707334e-17      5.333000e-01
      6      1.000000e+00      1.000000e+00      1.566260e-16      5.333000e-01
      7      1.713875e+00      6.778784e-01     -9.271655e-03      4.485942e-01
      8      4.625861e+00      3.305851e-01     -5.417047e-02      3.997723e-01
      9      5.286695e+00      2.983806e-01     -9.311279e-03      4.030766e-01
     10      5.082388e+00      3.043035e-01      5.057643e-03      4.001070e-01
     11      5.259894e+00      2.760727e-01      9.199323e-03      3.971897e-01
     12      5.480051e+00      2.408622e-01      1.365949e-02      3.944967e-01
     13      5.686530e+00      1.786829e-01      3.437376e-02      3.930113e-01
     14      5.907668e+00      7.762679e-02      3.508106e-02      3.968951e-01
     15      5.305814e+00      3.262013e-02      1.876464e-01      3.980140e-01
     16      5.895134e+00      4.525532e-02      6.886375e-02      3.992151e-01
     17      5.599619e+00      3.266928e-02      1.494556e-01      3.988216e-01
     18      5.057838e+00      6.647637e-02      1.967684e-01      3.960980e-01
     19      5.174548e+00      4.780407e-02      1.908544e-01      3.959211e-01
     20      5.150970e+00      5.302270e-02      1.917252e-01      3.960858e-01
     21      4.766966e+00      1.244228e-01      2.183166e-01      3.989890e-01
     22      4.987218e+00      9.030660e-02      1.947720e-01      3.960847e-01
     23      4.921139e+00      1.014108e-01      2.052665e-01      3.975231e-01
     24      4.319017e+00      2.027873e-01      2.374208e-01      4.047261e-01
     25      4.653033e+00      1.509576e-01      2.159580e-01      3.991458e-01
     26      4.582037e+00      1.641284e-01      2.243907e-01      4.014544e-01
     27      3.508610e+00      2.931714e-01      2.580160e-01      4.133250e-01
     28      4.132999e+00      2.320482e-01      2.331288e-01      4.039337e-01
     29      4.130479e+00      2.356824e-01      2.334132e-01      4.053974e-01
     30      2.545353e+00      4.519479e-01      2.758144e-01      4.302273e-01
     31      2.517072e+00      4.470136e-01      3.079465e-01      4.314879e-01
     32      2.733185e+00      4.263282e-01      2.923517e-01      4.283391e-01
     33      2.125914e+00      5.240027e-01      2.281813e-01      4.332206e-01
     34      2.134583e+00      5.180862e-01      2.406947e-01      4.315635e-01
     35      2.189054e+00      5.133955e-01      2.350603e-01      4.309265e-01
     36      1.542689e+00      6.149569e-01      1.611910e-01      4.446068e-01
     37      1.876601e+00      5.613881e-01      2.078224e-01      4.381038e-01
     38      1.720184e+00      5.881958e-01      1.867707e-01      4.412026e-01
     39      1.118186e+00      6.876628e-01      7.541180e-02      4.549666e-01
     40      1.272664e+00      6.597592e-01      1.135038e-01      4.506935e-01
     41      1.162045e+00      6.795320e-01      8.679422e-02      4.536536e-01
     42      9.999997e-01      1.000000e+00      4.434817e-08      5.333000e-01
     43      1.224842e+00      6.801553e-01      9.791162e-02      4.564269e-01
     44      1.457434e+00      6.603276e-01      1.416077e-01      4.578539e-01
     45      1.596607e+00      6.483534e-01      1.604130e-01      4.559851e-01
     46      1.746201e+00      6.356568e-01      1.810205e-01      4.540564e-01
     47      1.897795e+00      6.219121e-01      2.008593e-01      4.521608e-01
     48      2.016069e+00      6.141680e-01      2.145968e-01      4.515984e-01
     49      2.143699e+00      6.063505e-01      2.280835e-01      4.517768e-01
     50      2.284656e+00      5.957222e-01      2.405501e-01      4.506862e-01
     51      2.433313e+00      5.850096e-01      2.480687e-01      4.488153e-01
     52      2.566624e+00      5.770979e-01      2.545028e-01      4.477826e-01
     53      2.657045e+00      5.727773e-01      2.648937e-01      4.478898e-01
     54      2.744489e+00      5.714153e-01      2.754360e-01      4.486068e-01
     55      2.852520e+00      5.729243e-01      2.850383e-01      4.496323e-01
     56      2.986367e+00      5.774565e-01      2.949524e-01      4.508818e-01
     57      3.146009e+00      5.844837e-01      3.058793e-01      4.524644e-01
     58      3.324904e+00      5.933685e-01      3.182429e-01      4.548136e-01
     59      3.519013e+00      6.038715e-01      3.327616e-01      4.583026e-01
     60      3.743295e+00      6.148709e-01      3.485110e-01      4.621826e-01
     61      4.005776e+00      6.236576e-01      3.627236e-01      4.651258e-01
     62      4.268043e+00      6.281771e-01      3.738544e-01      4.670828e-01
     63      4.501894e+00      6.322530e-01      3.826306e-01      4.691872e-01
     64      3.006306e+00      7.244862e-01      3.006645e-01      4.759191e-01
     65      1.324707e+00      9.301522e-01      9.305424e-02      5.137962e-01
     66      1.000000e+00      1.000000e+00      9.932778e-17      5.333000e-01
     67      1.000000e+00      1.000000e+00     -6.257141e-12      5.333000e-01
     68      1.000000e+00      1.000000e+00     -2.627890e-10      5.333000e-01
     69      1.000000e+00      1.000000e+00     -3.868025e-09      5.333000e-01
     70      1.000000e+00      1.000000e+00     -1.856784e-08      5.333000e-01
     71      1.000000e+00      1.000000e+00     -3.145585e-08      5.333000e-01
     72      1.000000e+00      1.000000e+00     -3.660430e-09      5.333000e-01
     73      9.999997e-01      1.000000e+00      3.876000e-08      5.333000e-01
     74      1.000000e+00      1.000000e+00      0.000000e+00      5.333000e-01
     75      9.999996e-01      1.000000e+00      5.446408e-08      5.333000e-01
     76      9.999994e-01      1.000000e+00      7.732834e-08      5.333000e-01
     77      9.999993e-01      1.000000e+00      9.462325e-08      5.333000e-01
     78      9.999991e-01      1.000000e+00      1.159266e-07      5.333000e-01
     79      9.999990e-01      1.000000e+00      1.407114e-07      5.333000e-01
     80      9.999987e-01      1.000000e+00      1.677023e-07      5.333000e-01
     81      9.999985e-01      1.000000e+00      1.977369e-07      5.333000e-01
     82      9.999983e-01      1.000000e+00      2.319740e-07      5.333000e-01
     83      1.000007e+00      9.999999e-01     -9.164434e-07      5.333000e-01
     84      1.000004e+00      9.999999e-01     -4.985938e-07      5.333000e-01
     85      1.000000e+00      1.000000e+00      2.791457e-17      5.333000e-01
     86      1.000000e+00      1.000000e+00     -5.939065e-18      5.333000e-01
     87      1.000000e+00      1.000000e+00      5.965563e-17      5.333000e-01
     88      1.000000e+00      1.000000e+00      1.030593e-16      5.333000e-01
     89      1.000000e+00      1.000000e+00      5.651127e-17      5.333000e-01
     90      1.000000e+00      1.000000e+00     -2.176307e-17      5.333000e-01
     91      1.000000e+00      1.000000e+00     -7.143010e-17      5.333000e-01
     92      1.000000e+00      1.000000e+00     -3.562715e-17      5.333000e-01
     93      1.000000e+00      1.000000e+00      1.804337e-18      5.333000e-01
     94      1.000000e+00      1.000000e+00     -9.165345e-18      5.333000e-01
     95      1.000000e+00      1.000000e+00     -4.044136e-17      5.333000e-01
     96      1.000000e+00      1.000000e+00     -1.826911e-17      5.333000e-01
     97      1.000000e+00      1.000000e+00     -5.339893e-17      5.333000e-01
     98      1.000000e+00      1.000000e+00      1.072490e-17      5.333000e-01
     99      1.000000e+00      1.000000e+00      8.023193e-17      5.333000e-01
    100      1.000000e+00      1.000000e+00      6.984814e-17      5.333000e-01
    101      1.000000e+00      1.000000e+00      4.372718e-17      5.333000e-01
    102      1.000000e+00      1.000000e+00      0.000000e+00      5.333000e-01
    103      1.000000e+00      1.000000e+00      0.000000e+00      5.333000e-01
    104      1.000000e+00      1.000000e+00      0.000000e+00      5.333000e-01
    105      1.000000e+00      1.000000e+00      0.000000e+00      5.333000e-01
    106      1.000000e+00      1.000000e+00      0.000000e+00      5.333000e-01
    107      1.000000e+00      1.000000e+00      0.000000e+00      5.333000e-01
    108      1.000000e+00      1.000000e+00      0.000000e+00      5.333000e-01
    109      1.000000e+00      1.000000e+00      0.000000e+00      5.333000e-01
    110      1.000000e+00      1.000000e+00      0.000000e+00      5.333000e-01
    111      1.000000e+00      1.000000e+00      0.000000e+00      5.333000e-01
    112      1.000000e+00      1.000000e+00      0.000000e+00      5.333000e-01
    113      1.000000e+00      1.000000e+00      0.000000e+00      5.333000e-01
    114      1.000000e+00      1.000000e+00      0.000000e+00      5.333000e-01
    115      1.000000e+00      1.000000e+00      0.000000e+00      5.333000e-01
    116      1.000000e+00      1.000000e+00      0.000000e+00      5.333000e-01
    117      1.000000e+00      1.000000e+00      0.000000e+00      5.333000e-01
    118      1.000000e+00      1.000000e+00      0.000000e+00      5.333000e-01
    119      1.000000e+00      1.000000e+00      0.000000e+00      5.333000e-01
    120      1.000000e+00      1.000000e+00      0.000000e+00      5.333000e-01
    121      1.000000e+00      1.000000e+00      0.000000e+00      5.333000e-01
    122      1.000000e+00      1.000000e+00      0.000000e+00      5.333000e-01
    123      1.000000e+00      1.000000e+00      0.000000e+00      5.333000e-01
    124      1.000000e+00      1.000000e+00      0.000000e+00      5.333000e-01
    125      1.000000e+00      1.000000e+00      0.000000e+00      5.333000e-01
    126      1.000000e+00      1.000000e+00      0.000000e+00      5.333000e-01
    127      1.000000e+00      1.000000e+00      0.000000e+00      5.333000e-01
    128      1.000000e+00      1.000000e+00      0.000000e+00      5.333000e-01
    129      1.000000e+00      1.000000e+00      0.000000e+00      5.333000e-01
    130      1.000000e+00      1.000000e+00      0.000000e+00      5.333000e-01
    131      1.000000e+00      1.000000e+00      0.000000e+00      5.333000e-01
    132      1.000000e+00      1.000000e+00      0.000000e+00      5.333000e-01
    133      1.000000e+00      1.000000e+00      0.000000e+00      5.333000e-01
    134      1.000000e+00      1.000000e+00      0.000000e+00      5.333000e-01
    135      1.000000e+00      1.000000e+00      0.000000e+00      5.333000e-01
    136      1.000000e+00      1.000000e+00      0.000000e+00      5.333000e-01
    137      1.000000e+00      1.000000e+00      0.000000e+00      5.333000e-01
    138      1.000000e+00      1.000000e+00      0.000000e+00      5.333000e-01
    139      1.000000e+00      1.000000e+00      0.000000e+00      5.333000e-01
    140      1.000000e+00      1.000000e+00      0.000000e+00      5.333000e-01
    141      1.000000e+00      1.000000e+00      0.000000e+00      5.333000e-01
    142      1.000000e+00      1.000000e+00      0.000000e+00      5.333000e-01
    143      1.000000e+00      1.000000e+00      0.000000e+00      5.333000e-01
    144      1.000000e+00      1.000000e+00      0.000000e+00      5.333000e-01
    145      1.000000e+00      1.000000e+00      0.000000e+00      5.333000e-01
    146      1.000000e+00      1.000000e+00      0.000000e+00      5.333000e-01
    147      1.000000e+00      1.000000e+00      0.000000e+00      5.333000e-01
    148      1.000000e+00      1.000000e+00      0.000000e+00      5.333000e-01
    149      3.245622e+00      3.283228e-01      2.650949e-01      4.194385e-01
    150      2.612018e+00      4.411156e-01      2.940821e-01      4.315069e-01
    151      2.761356e+00      4.337754e-01      2.798885e-01      4.306502e-01
    152      2.398567e+00      4.818364e-01      2.598894e-01      4.333196e-01
    153      2.348282e+00      4.994263e-01      2.494352e-01      4.358145e-01
    154      2.211640e+00      5.252454e-01      2.366418e-01      4.390429e-01
    155      1.897111e+00      5.729064e-01      2.057872e-01      4.428819e-01
    156      1.756649e+00      5.951259e-01      1.876999e-01      4.451520e-01
    157      1.542257e+00      6.258670e-01      1.582092e-01      4.489761e-01
    158      1.322328e+00      6.624038e-01      1.192936e-01      4.539173e-01
    159      1.467881e+00      6.544480e-01      1.434196e-01      4.562744e-01
    160      1.583571e+00      6.459066e-01      1.603658e-01      4.559753e-01
    161      1.718900e+00      6.346990e-01      1.776170e-01      4.542102e-01
    162      1.886508e+00      6.193751e-01      1.986562e-01      4.519116e-01
    163      2.010219e+00      6.104037e-01      2.136227e-01      4.508282e-01
    164      2.139045e+00      6.026765e-01      2.279980e-01      4.511464e-01
    165      2.286035e+00      5.920248e-01      2.419941e-01      4.505640e-01
    166      2.426297e+00      5.811876e-01      2.520026e-01      4.487635e-01
    167      2.566936e+00      5.725395e-01      2.573015e-01      4.473057e-01
    168      2.682578e+00      5.670607e-01      2.635025e-01      4.468667e-01
    169      2.765167e+00      5.651459e-01      2.734198e-01      4.474346e-01
    170      2.855256e+00      5.661657e-01      2.835571e-01      4.485147e-01
    171      2.973646e+00      5.701017e-01      2.933338e-01      4.497883e-01
    172      3.123151e+00      5.767244e-01      3.037932e-01      4.512539e-01
    173      3.298627e+00      5.852442e-01      3.153306e-01      4.532183e-01
    174      3.492598e+00      5.954511e-01      3.286747e-01      4.563180e-01
    175      3.709454e+00      6.069202e-01      3.443382e-01      4.603662e-01
    176      3.964363e+00      6.173375e-01      3.602670e-01      4.639091e-01
    177      4.234891e+00      6.234089e-01      3.731125e-01      4.661014e-01
    178      4.463373e+00      6.268030e-01      3.819105e-01      4.679848e-01
    179      3.409606e+00      6.884329e-01      3.295538e-01      4.722833e-01
    180      1.554362e+00      8.853419e-01      1.372710e-01      5.010071e-01
    181      1.000000e+00      1.000000e+00      2.942801e-17      5.333000e-01
    182      1.000000e+00      1.000000e+00      7.833524e-17      5.333000e-01
    183      1.000000e+00      1.000000e+00     -9.872756e-12      5.333000e-01
    184      1.000000e+00      1.000000e+00     -4.113689e-10      5.333000e-01
    185      1.000000e+00      1.000000e+00     -5.920955e-09      5.333000e-01
    186      1.000000e+00      1.000000e+00     -2.502214e-08      5.333000e-01
    187      1.000000e+00      1.000000e+00     -2.832371e-08      5.333000e-01
    188      9.999999e-01      1.000000e+00      1.863804e-08      5.333000e-01
    189      9.999996e-01      1.000000e+00      5.491738e-08      5.333000e-01
    190      9.999995e-01      1.000000e+00      6.250642e-08      5.333000e-01
    191      9.999995e-01      1.000000e+00      7.009954e-08      5.333000e-01
    192      9.999995e-01      1.000000e+00      6.203059e-08      5.333000e-01
    193      9.999996e-01      1.000000e+00      5.112120e-08      5.333000e-01
    194      9.999997e-01      1.000000e+00      3.796052e-08      5.333000e-01
    195      1.000002e+00      1.000000e+00     -2.774016e-07      5.333000e-01
    196      1.000004e+00      9.999999e-01     -5.396624e-07      5.333000e-01
    197      1.000000e+00      1.000000e+00      7.739483e-17      5.333000e-01
    198      1.000000e+00      1.000000e+00      4.824513e-17      5.333000e-01
    199      1.000000e+00      1.000000e+00      1.313127e-16      5.333000e-01
    200      1.000000e+00      1.000000e+00      1.517257e-16      5.333000e-01
    201      1.000000e+00      1.000000e+00      7.091976e-17      5.333000e-01
    202      1.000000e+00      1.000000e+00     -1.248379e-17      5.333000e-01
    203      1.000000e+00      1.000000e+00     -4.823467e-17      5.333000e-01
    204      1.000000e+00      1.000000e+00     -1.498599e-17      5.333000e-01
    205      1.000000e+00      1.000000e+00      2.863412e-17      5.333000e-01
    206      1.000000e+00      1.000000e+00      1.624799e-17      5.333000e-01
    207      1.000000e+00      1.000000e+00     -6.422358e-18      5.333000e-01
    208      1.000000e+00      1.000000e+00     -3.697741e-17      5.333000e-01
    209      1.000000e+00      1.000000e+00     -4.437973e-17      5.333000e-01
    210      1.000000e+00      1.000000e+00     -3.743391e-17      5.333000e-01
    211      1.000000e+00      1.000000e+00      5.441031e-17      5.333000e-01
    212      1.000000e+00      1.000000e+00      7.358776e-17      5.333000e-01
    213      1.000000e+00      1.000000e+00      5.237944e-17      5.333000e-01
    214      1.000000e+00      1.000000e+00      8.991020e-18      5.333000e-01
    215      1.000000e+00      1.000000e+00     -2.704666e-17      5.333000e-01
    216      1.000000e+00      1.000000e+00     -4.652909e-19      5.333000e-01
    217      1.000000e+00      1.000000e+00     -3.104870e-17      5.333000e-01
    218      1.000000e+00      1.000000e+00     -1.624882e-17      5.333000e-01
    219      1.000000e+00      1.000000e+00      2.107063e-17      5.333000e-01
    220      1.000000e+00      1.000000e+00     -5.430767e-18      5.333000e-01
    221      1.000000e+00      1.000000e+00     -5.611870e-19      5.333000e-01
    222      1.000000e+00      1.000000e+00     -3.166558e-17      5.333000e-01
    223      1.000000e+00      1.000000e+00     -3.601694e-17      5.333000e-01
    224      1.000000e+00      1.000000e+00      4.053543e-17      5.333000e-01
    225      1.000000e+00      1.000000e+00      7.044244e-17      5.333000e-01
    226      1.000000e+00      1.000000e+00      2.887012e-17      5.333000e-01
    227      1.000000e+00      1.000000e+00     -2.738185e-17      5.333000e-01
    228      1.000000e+00      1.000000e+00     -3.065204e-17      5.333000e-01
    229      1.000000e+00      1.000000e+00      1.591096e-17      5.333000e-01
    230      1.000000e+00      1.000000e+00      2.098933e-17      5.333000e-01
    231      1.000000e+00      1.000000e+00     -6.047469e-18      5.333000e-01
    232      1.000000e+00      1.000000e+00     -5.671852e-17      5.333000e-01
    233      1.000000e+00      1.000000e+00     -1.624013e-17      5.333000e-01
    234      1.000000e+00      1.000000e+00      7.985668e-17      5.333000e-01
    235      1.000000e+00      1.000000e+00     -3.208752e-17      5.333000e-01
    236      1.000000e+00      1.000000e+00     -3.069648e-17      5.333000e-01
    237      1.000000e+00      1.000000e+00      1.231773e-17      5.333000e-01
    238      1.000000e+00      1.000000e+00     -1.066938e-17      5.333000e-01
    239      1.000000e+00      1.000000e+00      4.366834e-17      5.333000e-01
    240      1.000000e+00      1.000000e+00      4.923204e-17      5.333000e-01
    241      1.000000e+00      1.000000e+00     -2.001018e-17      5.333000e-01
    242      1.000000e+00      1.000000e+00     -7.649374e-18      5.333000e-01
    243      1.000000e+00      1.000000e+00      1.009510e-18      5.333000e-01
    244      1.000000e+00      1.000000e+00     -2.709614e-17      5.333000e-01
    245      1.000000e+00      1.000000e+00     -1.982537e-19      5.333000e-01
    246      1.000000e+00      1.000000e+00      1.847023e-18      5.333000e-01
    247      1.000000e+00      1.000000e+00     -1.724769e-18      5.333000e-01
    248      1.000000e+00      1.000000e+00      6.297940e-19      5.333000e-01
    249      1.000000e+00      1.000000e+00     -4.178512e-17      5.333000e-01
    250      1.000000e+00      1.000000e+00     -7.210519e-18      5.333000e-01
    251      1.000000e+00      1.000000e+00      4.202726e-17      5.333000e-01
    252      1.000000e+00      1.000000e+00      6.073317e-17      5.333000e-01
    253      1.000000e+00      1.000000e+00     -2.138098e-17      5.333000e-01
    254      1.000000e+00      1.000000e+00     -5.858112e-17      5.333000e-01
    255      1.000000e+00      1.000000e+00     -5.934690e-17      5.333000e-01
    256      1.000000e+00      1.000000e+00      9.512692e-17      5.333000e-01
    257      1.000000e+00      1.000000e+00      4.810113e-17      5.333000e-01
    258      1.000000e+00      1.000000e+00     -2.612403e-17      5.333000e-01
    259      1.000000e+00      1.000000e+00      4.280587e-17      5.333000e-01
    260      1.000000e+00      1.000000e+00      4.180100e-17      5.333000e-01
    261      1.000000e+00      1.000000e+00      1.139723e-16      5.333000e-01
    262      1.000000e+00      1.000000e+00      1.723529e-16      5.333000e-01
    263      2.805795e+00      4.761713e-01     -1.013957e-01      4.195595e-01
    264      4.954918e+00      2.811679e-01     -5.801123e-02      3.969289e-01
    265      4.891752e+00      2.561373e-01      5.809489e-03      3.944228e-01
    266      5.016382e+00      2.189886e-01      1.805338e-02      3.915887e-01
    267      5.211292e+00      1.765202e-01      2.424365e-02      3.901239e-01
    268      5.410085e+00      1.300937e-01      6.247210e-02      3.897726e-01
    269      5.698184e+00      9.381718e-02      9.237374e-02      3.951190e-01
    270      5.394809e+00      4.507594e-02      1.453649e-01      3.929807e-01
    271      5.222326e+00      3.608725e-02      1.534434e-01      3.911904e-01
    272      5.174728e+00      4.475070e-02      1.508056e-01      3.911871e-01
    273      5.116663e+00      5.234844e-02      1.588268e-01      3.922261e-01
    274      5.024159e+00      6.993924e-02      1.582321e-01      3.930366e-01
    275      4.957176e+00      9.015475e-02      1.734512e-01      3.950946e-01
    276      4.855293e+00      1.050881e-01      1.885873e-01      3.969720e-01
    277      4.715104e+00      1.308945e-01      1.969958e-01      3.985058e-01
    278      4.624466e+00      1.526168e-01      2.011666e-01      4.003601e-01
    279      4.475241e+00      1.793642e-01      2.168862e-01      4.041575e-01
    280      4.222940e+00      2.217848e-01      2.282527e-01      4.066652e-01
    281      4.082742e+00      2.421815e-01      2.343712e-01      4.086646e-01
    282      4.094995e+00      2.625566e-01      2.426868e-01      4.139188e-01
    283      3.355314e+00      3.421457e-01      2.694039e-01      4.232797e-01
    284      2.796409e+00      4.388057e-01      2.875886e-01      4.341049e-01
    285      2.873611e+00      4.444146e-01      2.775129e-01      4.334121e-01
    286      2.700781e+00      4.573972e-01      2.698206e-01      4.348043e-01
    287      2.608550e+00      4.825874e-01      2.646000e-01      4.377332e-01
    288      2.608703e+00      4.967850e-01      2.614126e-01      4.385120e-01
    289      2.276321e+00      5.358021e-01      2.375631e-01      4.424133e-01
    290      1.971622e+00      5.818940e-01      2.103252e-01      4.474070e-01
    291      1.833117e+00      6.014945e-01      1.941347e-01      4.494005e-01
    292      1.650045e+00      6.268432e-01      1.705292e-01      4.523817e-01
    293      1.715545e+00      6.280552e-01      1.782542e-01      4.533951e-01
    294      1.904701e+00      6.118182e-01      2.000831e-01      4.511792e-01
    295      2.040142e+00      6.017887e-01      2.150020e-01      4.493795e-01
    296      2.184539e+00      5.921203e-01      2.319371e-01      4.495359e-01
    297      2.354125e+00      5.797777e-01      2.480007e-01      4.492019e-01
    298      2.497431e+00      5.686854e-01      2.585647e-01      4.473346e-01
    299      2.616871e+00      5.610953e-01      2.656500e-01      4.460020e-01
    300      2.739207e+00      5.557685e-01      2.689043e-01      4.453295e-01
    301      2.842715e+00      5.534564e-01      2.737963e-01      4.454608e-01
    302      2.919547e+00      5.546514e-01      2.832752e-01      4.466066e-01
    303      3.014084e+00      5.587382e-01      2.935885e-01      4.480998e-01
    304      3.148416e+00      5.655315e-01      3.040536e-01      4.496677e-01
    305      3.318113e+00      5.741073e-01      3.152248e-01      4.514076e-01
    306      3.513345e+00      5.841427e-01      3.276270e-01      4.541097e-01
    307      3.734386e+00      5.958792e-01      3.422847e-01      4.581742e-01
    308      3.993188e+00      6.078336e-01      3.591680e-01      4.622956e-01
    309      4.274937e+00      6.157485e-01      3.745664e-01      4.648582e-01
    310      4.490738e+00      6.191659e-01      3.836671e-01      4.664883e-01
    311      3.357865e+00      6.819839e-01      3.285985e-01      4.710822e-01
    312      1.511749e+00      8.893285e-01      1.292835e-01      5.015495e-01
    313      1.000000e+00      1.000000e+00     -5.732145e-17      5.333000e-01
    314      1.000000e+00      1.000000e+00      3.121676e-17      5.333000e-01
    315      1.000000e+00      1.000000e+00      4.768822e-17      5.333000e-01
    316      1.000000e+00      1.000000e+00     -1.079522e-11      5.333000e-01
    317      1.000000e+00      1.000000e+00     -4.624450e-10      5.333000e-01
    318      1.000000e+00      1.000000e+00     -6.877294e-09      5.333000e-01
    319      1.000000e+00      1.000000e+00     -2.940861e-08      5.333000e-01
    320      1.000000e+00      1.000000e+00     -2.087581e-08      5.333000e-01
    321      1.000000e+00      1.000000e+00     -5.095359e-17      5.333000e-01
    322      1.000000e+00      1.000000e+00     -5.771014e-17      5.333000e-01
    323      1.000000e+00      1.000000e+00     -2.156840e-17      5.333000e-01
    324      1.000000e+00      1.000000e+00      7.239685e-17      5.333000e-01
    325      1.000000e+00      1.000000e+00      1.947650e-17      5.333000e-01
    326      1.000000e+00      1.000000e+00     -1.727551e-17      5.333000e-01
    327      1.000000e+00      1.000000e+00     -4.128417e-17      5.333000e-01
    328      1.000000e+00      1.000000e+00     -3.846012e-17      5.333000e-01
    329      1.000000e+00      1.000000e+00     -3.132036e-17      5.333000e-01
    330      1.000000e+00      1.000000e+00      5.074332e-17      5.333000e-01
    331      1.000000e+00      1.000000e+00      1.216659e-16      5.333000e-01
    332      1.000000e+00      1.000000e+00      7.635270e-17      5.333000e-01
    333      1.000000e+00      1.000000e+00     -1.197963e-16      5.333000e-01
    334      1.000000e+00      1.000000e+00     -4.342985e-17      5.333000e-01
    335      1.000000e+00      1.000000e+00      4.865768e-17      5.333000e-01
    336      1.000000e+00      1.000000e+00      9.695292e-17      5.333000e-01
    337      1.000000e+00      1.000000e+00     -3.246244e-17      5.333000e-01
    338      1.000000e+00      1.000000e+00     -1.229644e-16      5.333000e-01
    339      1.000000e+00      1.000000e+00      3.094535e-17      5.333000e-01
    340      1.000000e+00      1.000000e+00      3.167200e-17      5.333000e-01
    341      1.000000e+00      1.000000e+00     -6.913451e-17      5.333000e-01
    342      1.000000e+00      1.000000e+00     -8.834507e-18      5.333000e-01
    343      1.000000e+00      1.000000e+00      6.998935e-17      5.333000e-01
    344      1.000000e+00      1.000000e+00     -1.743509e-17      5.333000e-01
    345      1.000000e+00      1.000000e+00      4.448364e-17      5.333000e-01
    346      1.000000e+00      1.000000e+00      7.280427e-17      5.333000e-01
    347      1.000000e+00      1.000000e+00     -1.383927e-17      5.333000e-01
    348      1.000000e+00      1.000000e+00     -2.371112e-17      5.333000e-01
    349      1.000000e+00      1.000000e+00     -9.950836e-18      5.333000e-01
    350      1.000000e+00      1.000000e+00     -1.132860e-17      5.333000e-01
    351      1.000000e+00      1.000000e+00      2.370835e-17      5.333000e-01
    352      1.000000e+00      1.000000e+00     -4.679596e-17      5.333000e-01
    353      1.000000e+00      1.000000e+00     -4.207935e-17      5.333000e-01
    354      1.000000e+00      1.000000e+00     -2.033547e-17      5.333000e-01
    355      1.000000e+00      1.000000e+00     -4.359100e-17      5.333000e-01
    356      1.000000e+00      1.000000e+00     -1.966085e-18      5.333000e-01
    357      1.000000e+00      1.000000e+00      9.467321e-17      5.333000e-01
    358      1.000000e+00      1.000000e+00      2.452975e-17      5.333000e-01
    359      1.000000e+00      1.000000e+00     -1.341585e-16      5.333000e-01
    360      1.000000e+00      1.000000e+00     -5.609487e-17      5.333000e-01
    361      1.000000e+00      1.000000e+00     -5.230761e-18      5.333000e-01
    362      1.000000e+00      1.000000e+00      1.275158e-16      5.333000e-01
    363      1.000000e+00      1.000000e+00     -3.592528e-17      5.333000e-01
    364      1.000000e+00      1.000000e+00      8.209147e-18      5.333000e-01
    365      1.000000e+00      1.000000e+00      1.004331e-16      5.333000e-01
    366      1.478140e+00      7.380361e-01     -8.340603e-02      4.799585e-01
    367      3.567724e+00      2.348365e-01     -8.244216e-02      4.089473e-01
    368      4.378987e+00      6.645116e-02     -1.597372e-02      3.871217e-01
    369      4.559739e+00      3.814097e-02      2.272382e-02      3.854725e-01
    370      4.830645e+00      2.600886e-02      2.895206e-02      3.860094e-01
    371      5.030510e+00      3.031915e-02      4.300009e-02      3.883600e-01
    372      5.217985e+00      3.574381e-02      9.697025e-02      3.864632e-01
    373      5.154052e+00      3.474552e-02      9.053362e-02      3.878043e-01
    374      5.095369e+00      4.444931e-02      1.020074e-01      3.903001e-01
    375      5.022016e+00      5.036629e-02      1.092031e-01      3.923124e-01
    376      4.960836e+00      6.771291e-02      1.130414e-01      3.960889e-01
    377      4.925173e+00      8.237614e-02      1.312109e-01      3.971456e-01
    378      4.847105e+00      9.707465e-02      1.488297e-01      3.990118e-01
    379      4.758103e+00      1.156635e-01      1.644420e-01      4.011513e-01
    380      4.666753e+00      1.428192e-01      1.779838e-01      4.034966e-01
    381      4.583522e+00      1.746812e-01      1.930223e-01      4.063928e-01
    382      4.445811e+00      2.088406e-01      2.126392e-01      4.096166e-01
    383      4.264517e+00      2.457395e-01      2.327236e-01      4.126622e-01
    384      4.246282e+00      2.777919e-01      2.525392e-01      4.160585e-01
    385      4.208489e+00      2.913245e-01      2.609538e-01      4.169632e-01
    386      3.625037e+00      3.591218e-01      2.849162e-01      4.245434e-01
    387      3.003622e+00      4.411703e-01      2.872768e-01      4.329456e-01
    388      3.060471e+00      4.492295e-01      2.848480e-01      4.317380e-01
    389      2.883616e+00      4.576097e-01      2.762763e-01      4.338636e-01
    390      2.869764e+00      4.752761e-01      2.760079e-01      4.355219e-01
    391      2.858987e+00      4.883363e-01      2.745867e-01      4.370540e-01
    392      2.643744e+00      5.060284e-01      2.614861e-01      4.389627e-01
    393      2.320317e+00      5.436108e-01      2.392468e-01      4.431165e-01
    394      2.022694e+00      5.873636e-01      2.133069e-01      4.483083e-01
    395      1.888281e+00      6.056655e-01      1.988574e-01      4.505776e-01
    396      2.069792e+00      5.924345e-01      2.169762e-01      4.484839e-01
    397      2.250219e+00      5.788231e-01      2.365857e-01      4.475355e-01
    398      2.451085e+00      5.636212e-01      2.551725e-01      4.471555e-01
    399      2.594299e+00      5.534752e-01      2.650534e-01      4.454578e-01
    400      2.697786e+00      5.479168e-01      2.714567e-01      4.442601e-01
    401      2.787615e+00      5.445632e-01      2.763533e-01      4.440197e-01
    402      2.893474e+00      5.426027e-01      2.782761e-01      4.439554e-01
    403      2.990980e+00      5.433258e-01      2.827913e-01      4.446992e-01
    404      3.070538e+00      5.472847e-01      2.925087e-01      4.462607e-01
    405      3.182199e+00      5.542503e-01      3.038268e-01      4.480862e-01
    406      3.341509e+00      5.629113e-01      3.152945e-01      4.497582e-01
    407      3.534755e+00      5.726527e-01      3.274080e-01      4.520078e-01
    408      3.755974e+00      5.840956e-01      3.411736e-01      4.558731e-01
    409      4.024624e+00      5.971138e-01      3.575337e-01      4.604631e-01
    410      4.331671e+00      6.075467e-01      3.748228e-01      4.635572e-01
    411      4.535777e+00      6.123177e-01      3.851849e-01      4.648842e-01
    412      3.280044e+00      6.764596e-01      3.270262e-01      4.700593e-01
    413      1.443834e+00      8.982233e-01      1.157498e-01      5.032635e-01
    414      1.000000e+00      1.000000e+00     -3.077968e-17      5.333000e-01
    415      1.000000e+00      1.000000e+00      1.934929e-17      5.333000e-01
    416      1.000000e+00      1.000000e+00     -8.259563e-18      5.333000e-01
    417      1.000000e+00      1.000000e+00     -9.488657e-17      5.333000e-01
    418      1.000000e+00      1.000000e+00     -1.207078e-11      5.333000e-01
    419      1.000000e+00      1.000000e+00     -5.310495e-10      5.333000e-01
    420      1.000000e+00      1.000000e+00     -8.027078e-09      5.333000e-01
    421      1.000000e+00      1.000000e+00     -3.376371e-08      5.333000e-01
    422      1.000000e+00      1.000000e+00     -5.134800e-08      5.333000e-01
    423      1.000000e+00      1.000000e+00     -9.701851e-09      5.333000e-01
    424      1.000000e+00      1.000000e+00     -3.877729e-08      5.333000e-01
    425      1.000001e+00      1.000000e+00     -6.904479e-08      5.333000e-01
    426      1.000001e+00      1.000000e+00     -9.584125e-08      5.333000e-01
    427      1.000001e+00      1.000000e+00     -1.219344e-07      5.333000e-01
    428      1.000001e+00      1.000000e+00     -8.922744e-08      5.333000e-01
    429      1.000000e+00      1.000000e+00      7.616059e-17      5.333000e-01
    430      1.000000e+00      1.000000e+00      8.651728e-17      5.333000e-01
    431      1.000000e+00      1.000000e+00      1.390637e-16      5.333000e-01
    432      1.000000e+00      1.000000e+00      1.402369e-16      5.333000e-01
    433      1.000000e+00      1.000000e+00      7.570222e-17      5.333000e-01
    434      1.000000e+00      1.000000e+00     -1.653639e-17      5.333000e-01
    435      1.000000e+00      1.000000e+00     -8.412920e-17      5.333000e-01
    436      1.000000e+00      1.000000e+00     -5.454493e-18      5.333000e-01
    437      1.000000e+00      1.000000e+00      1.082564e-16      5.333000e-01
    438      1.000000e+00      1.000000e+00      4.355741e-17      5.333000e-01
    439      1.000000e+00      1.000000e+00      1.873773e-17      5.333000e-01
    440      1.000000e+00      1.000000e+00      2.007358e-18      5.333000e-01
    441      1.000000e+00      1.000000e+00     -8.666996e-18      5.333000e-01
    442      1.000000e+00      1.000000e+00     -4.932758e-17      5.333000e-01
    443      1.000000e+00      1.000000e+00     -2.521329e-17      5.333000e-01
    444      1.000000e+00      1.000000e+00      2.113167e-17      5.333000e-01
    445      1.000000e+00      1.000000e+00      1.689706e-17      5.333000e-01
    446      1.000000e+00      1.000000e+00     -9.632414e-17      5.333000e-01
    447      1.000000e+00      1.000000e+00     -9.494520e-17      5.333000e-01
    448      1.000000e+00      1.000000e+00      8.314207e-17      5.333000e-01
    449      1.000000e+00      1.000000e+00      1.103676e-16      5.333000e-01
    450      1.000000e+00      1.000000e+00     -1.429528e-17      5.333000e-01
    451      1.000000e+00      1.000000e+00     -1.116961e-16      5.333000e-01
    452      1.000000e+00      1.000000e+00     -4.335268e-17      5.333000e-01
    453      1.000000e+00      1.000000e+00      4.824459e-17      5.333000e-01
    454      1.000000e+00      1.000000e+00     -3.372568e-17      5.333000e-01
    455      1.000000e+00      1.000000e+00      1.244137e-18      5.333000e-01
    456      1.000000e+00      1.000000e+00      1.855925e-16      5.333000e-01
    457      1.000000e+00      1.000000e+00      4.509986e-17      5.333000e-01
    458      1.000000e+00      1.000000e+00     -1.470105e-16      5.333000e-01
    459      1.000000e+00      1.000000e+00     -3.936525e-17      5.333000e-01
    460      1.000000e+00      1.000000e+00      6.211023e-17      5.333000e-01
    461      1.000000e+00      1.000000e+00      1.011654e-16      5.333000e-01
    462      1.000000e+00      1.000000e+00     -2.374737e-17      5.333000e-01
    463      1.000000e+00      1.000000e+00     -1.132522e-16      5.333000e-01
    464      1.000000e+00      1.000000e+00     -1.654610e-17      5.333000e-01
    465      1.000000e+00      1.000000e+00      1.180271e-17      5.333000e-01
    466      1.000000e+00      1.000000e+00     -3.492941e-17      5.333000e-01
    467      1.000000e+00      1.000000e+00      6.566161e-17      5.333000e-01
    468      1.000000e+00      1.000000e+00      9.077036e-17      5.333000e-01
    469      1.000000e+00      1.000000e+00      1.911209e-18      5.333000e-01
    470      1.000000e+00      1.000000e+00      7.285930e-17      5.333000e-01
    471      1.000000e+00      1.000000e+00      8.397850e-17      5.333000e-01
    472      1.000000e+00      1.000000e+00     -6.052527e-17      5.333000e-01
    473      1.000000e+00      1.000000e+00     -3.980973e-17      5.333000e-01
    474      1.000000e+00      1.000000e+00     -3.135280e-17      5.333000e-01
    475      1.000000e+00      1.000000e+00      2.408886e-17      5.333000e-01
    476      1.000000e+00      1.000000e+00      3.520862e-17      5.333000e-01
    477      1.000000e+00      1.000000e+00     -1.399275e-16      5.333000e-01
    478      1.000000e+00      1.000000e+00     -4.544567e-17      5.333000e-01
    479      1.000000e+00      1.000000e+00      9.067618e-18      5.333000e-01
    480      1.000000e+00      1.000000e+00     -9.766126e-17      5.333000e-01
    481      1.000000e+00      1.000000e+00      5.923020e-17      5.333000e-01
    482      1.000000e+00      1.000000e+00      1.431989e-16      5.333000e-01
    483      1.000000e+00      1.000000e+00     -3.196009e-17      5.333000e-01
    484      1.000000e+00      1.000000e+00     -1.430651e-16      5.333000e-01
    485      1.000000e+00      1.000000e+00     -9.105765e-17      5.333000e-01
    486      1.000000e+00      1.000000e+00      9.639959e-17      5.333000e-01
    487      1.000000e+00      1.000000e+00      3.276582e-17      5.333000e-01
    488      1.000000e+00      1.000000e+00     -5.600619e-17      5.333000e-01
    489      2.053015e+00      4.592679e-01      3.616807e-02      4.550308e-01
    490      3.877674e+00      1.409810e-01      6.785901e-02      4.090555e-01
    491      4.366281e+00      5.804290e-02      5.433753e-02      3.968526e-01
    492      4.590393e+00      3.363472e-02      3.044937e-02      3.957304e-01
    493      4.790861e+00      3.682272e-02      1.512002e-02      3.979418e-01
    494      4.989694e+00      3.826318e-02      4.254976e-02      3.956099e-01
    495      4.984513e+00      4.784657e-02      6.651695e-02      3.984231e-01
    496      4.928444e+00      4.774960e-02      8.134308e-02      3.994134e-01
    497      4.907237e+00      7.070409e-02      9.573164e-02      4.019017e-01
    498      4.890296e+00      9.445637e-02      1.159720e-01      4.039531e-01
    499      4.841079e+00      1.063767e-01      1.330222e-01      4.050458e-01
    500      4.787107e+00      1.238469e-01      1.523493e-01      4.060458e-01
    501      4.767753e+00      1.518503e-01      1.736856e-01      4.072705e-01
    502      4.778756e+00      1.910788e-01      1.973173e-01      4.091924e-01
    503      4.723585e+00      2.235081e-01      2.174828e-01      4.111104e-01
    504      4.615135e+00      2.505862e-01      2.340473e-01      4.128175e-01
    505      4.479425e+00      2.784544e-01      2.519187e-01      4.148787e-01
    506      4.416535e+00      3.034964e-01      2.705974e-01      4.165873e-01
    507      4.392407e+00      3.168391e-01      2.822499e-01      4.174773e-01
    508      4.239293e+00      3.426067e-01      2.974243e-01      4.207432e-01
    509      3.477410e+00      4.071682e-01      2.994806e-01      4.283080e-01
    510      3.444754e+00      4.290981e-01      3.002023e-01      4.312526e-01
    511      3.104738e+00      4.623165e-01      2.867745e-01      4.332041e-01
    512      3.068144e+00      4.752483e-01      2.849848e-01      4.349838e-01
    513      3.011066e+00      4.854426e-01      2.814269e-01      4.363723e-01
    514      2.860921e+00      4.983059e-01      2.740092e-01      4.382178e-01
    515      2.669393e+00      5.155911e-01      2.628367e-01      4.400017e-01
    516      2.356084e+00      5.511372e-01      2.413352e-01      4.438618e-01
    517      2.384017e+00      5.566009e-01      2.453284e-01      4.445391e-01
    518      2.593257e+00      5.417340e-01      2.632685e-01      4.439776e-01
    519      2.712714e+00      5.360503e-01      2.713739e-01      4.431711e-01
    520      2.788629e+00      5.343916e-01      2.761570e-01      4.424113e-01
    521      2.857491e+00      5.332979e-01      2.806568e-01      4.425226e-01
    522      2.928892e+00      5.327293e-01      2.844792e-01      4.427965e-01
    523      3.031778e+00      5.333498e-01      2.863860e-01      4.433499e-01
    524      3.133819e+00      5.360473e-01      2.912084e-01      4.444100e-01
    525      3.232923e+00      5.427070e-01      3.022725e-01      4.463654e-01
    526      3.374684e+00      5.514752e-01      3.150050e-01      4.481973e-01
    527      3.563666e+00      5.609590e-01      3.275413e-01      4.500292e-01
    528      3.781184e+00      5.717510e-01      3.409613e-01      4.534882e-01
    529      4.047579e+00      5.850002e-01      3.566651e-01      4.584393e-01
    530      4.389888e+00      5.981985e-01      3.743458e-01      4.622240e-01
    531      4.605018e+00      6.070658e-01      3.852048e-01      4.631617e-01
    532      3.173416e+00      6.729038e-01      3.245615e-01      4.693937e-01
    533      1.346115e+00      9.139049e-01      9.480617e-02      5.068245e-01
    534      1.000000e+00      1.000000e+00     -1.984251e-16      5.333000e-01
    535      1.000000e+00      1.000000e+00     -3.930485e-17      5.333000e-01
    536      1.000000e+00      1.000000e+00     -8.224652e-17      5.333000e-01
    537      1.000000e+00      1.000000e+00     -1.607781e-16      5.333000e-01
    538      1.000000e+00      1.000000e+00     -1.092366e-16      5.333000e-01
    539      1.000000e+00      1.000000e+00     -1.383926e-11      5.333000e-01
    540      1.000000e+00      1.000000e+00     -6.215516e-10      5.333000e-01
    541      1.000000e+00      1.000000e+00     -9.392231e-09      5.333000e-01
    542      1.000000e+00      1.000000e+00     -4.549073e-08      5.333000e-01
    543      1.000000e+00      1.000000e+00     -4.399263e-08      5.333000e-01
    544      1.000000e+00      1.000000e+00     -3.556476e-08      5.333000e-01
    545      1.000000e+00      1.000000e+00     -1.662041e-08      5.333000e-01
    546      1.000000e+00      1.000000e+00      2.123860e-16      5.333000e-01
    547      1.000000e+00      1.000000e+00      2.134430e-16      5.333000e-01
    548      1.000000e+00      1.000000e+00      2.052452e-16      5.333000e-01
    549      1.000000e+00      1.000000e+00      1.264133e-16      5.333000e-01
    550      1.000000e+00      1.000000e+00      9.024506e-17      5.333000e-01
    551      1.000000e+00      1.000000e+00      7.770100e-17      5.333000e-01
    552      1.000000e+00      1.000000e+00     -4.581305e-17      5.333000e-01
    553      1.000000e+00      1.000000e+00     -6.922003e-17      5.333000e-01
    554      1.000000e+00      1.000000e+00      8.739969e-17      5.333000e-01
    555      1.000000e+00      1.000000e+00      1.196606e-16      5.333000e-01
    556      1.000000e+00      1.000000e+00      7.571855e-17      5.333000e-01
    557      1.000000e+00      1.000000e+00      5.116997e-17      5.333000e-01
    558      1.000000e+00      1.000000e+00      1.378750e-17      5.333000e-01
    559      1.000000e+00      1.000000e+00     -5.117621e-17      5.333000e-01
    560      1.000000e+00      1.000000e+00     -1.101051e-16      5.333000e-01
    561      1.000000e+00      1.000000e+00     -1.189394e-16      5.333000e-01
    562      1.000000e+00      1.000000e+00     -5.439134e-17      5.333000e-01
    563      1.000000e+00      1.000000e+00      1.214083e-16      5.333000e-01
    564      1.000000e+00      1.000000e+00      1.146154e-16      5.333000e-01
    565      1.000000e+00      1.000000e+00     -6.979276e-17      5.333000e-01
    566      1.000000e+00      1.000000e+00     -1.282291e-16      5.333000e-01
    567      1.000000e+00      1.000000e+00      4.192722e-17      5.333000e-01
    568      1.000000e+00      1.000000e+00      1.015936e-16      5.333000e-01
    569      1.000000e+00      1.000000e+00     -8.543138e-17      5.333000e-01
    570      1.000000e+00      1.000000e+00      7.869162e-18      5.333000e-01
    571      1.000000e+00      1.000000e+00      2.032728e-16      5.333000e-01
    572      1.000000e+00      1.000000e+00      1.028495e-17      5.333000e-01
    573      1.000000e+00      1.000000e+00     -1.478693e-16      5.333000e-01
    574      1.000000e+00      1.000000e+00     -8.082569e-17      5.333000e-01
    575      1.000000e+00      1.000000e+00      2.471919e-17      5.333000e-01
    576      1.000000e+00      1.000000e+00      1.410346e-16      5.333000e-01
    577      1.000000e+00      1.000000e+00     -1.227574e-18      5.333000e-01
    578      1.000000e+00      1.000000e+00     -1.789400e-16      5.333000e-01
    579      1.000000e+00      1.000000e+00      1.337390e-17      5.333000e-01
    580      1.000000e+00      1.000000e+00      2.364459e-17      5.333000e-01
    581      1.000000e+00      1.000000e+00     -3.616405e-17      5.333000e-01
    582      1.000000e+00      1.000000e+00      8.547406e-17      5.333000e-01
    583      1.000000e+00      1.000000e+00      9.964143e-17      5.333000e-01
    584      1.000000e+00      1.000000e+00      5.803020e-17      5.333000e-01
    585      1.000000e+00      1.000000e+00      9.876581e-17      5.333000e-01
    586      1.000000e+00      1.000000e+00      6.547088e-17      5.333000e-01
    587      1.000000e+00      1.000000e+00     -7.451866e-17      5.333000e-01
    588      1.000000e+00      1.000000e+00     -1.151018e-16      5.333000e-01
    589      1.000000e+00      1.000000e+00     -3.320497e-17      5.333000e-01
    590      1.000000e+00      1.000000e+00      1.331319e-16      5.333000e-01
    591      1.000000e+00      1.000000e+00     -3.223077e-17      5.333000e-01
    592      1.000000e+00      1.000000e+00     -1.497215e-16      5.333000e-01
    593      1.000000e+00      1.000000e+00     -1.880963e-17      5.333000e-01
    594      1.000000e+00      1.000000e+00     -7.138026e-17      5.333000e-01
    595      1.000000e+00      1.000000e+00     -4.735632e-17      5.333000e-01
    596      1.000000e+00      1.000000e+00      1.402919e-16      5.333000e-01
    597      1.000000e+00      1.000000e+00      1.627794e-16      5.333000e-01
    598      1.000000e+00      1.000000e+00     -5.234703e-17      5.333000e-01
    599      1.000000e+00      1.000000e+00     -2.659281e-16      5.333000e-01
    600      1.208552e+00      9.054601e-01      5.489442e-02      5.038731e-01
    601      2.237935e+00      5.419430e-01      1.273001e-01      4.335623e-01
    602      2.191273e+00      5.572386e-01      1.073565e-01      4.444645e-01
    603      3.937580e+00      2.947741e-01      1.286771e-01      4.087942e-01
    604      4.564609e+00      1.738797e-01      1.013316e-01      4.053184e-01
    605      4.745423e+00      1.175531e-01      6.105046e-02      4.034176e-01
    606      4.855279e+00      7.393510e-02      4.419375e-02      4.038829e-01
    607      4.863815e+00      5.535204e-02      6.406788e-02      4.038499e-01
    608      4.889495e+00      8.435867e-02      9.040803e-02      4.051979e-01
    609      4.914518e+00      1.130651e-01      1.188962e-01      4.060831e-01
    610      4.932271e+00      1.281108e-01      1.367050e-01      4.055483e-01
    611      4.906528e+00      1.418649e-01      1.518422e-01      4.059881e-01
    612      4.933545e+00      1.721578e-01      1.780442e-01      4.064297e-01
    613      5.029726e+00      2.150858e-01      2.127590e-01      4.085841e-01
    614      5.111107e+00      2.528653e-01      2.432255e-01      4.105057e-01
    615      5.012115e+00      2.679429e-01      2.516267e-01      4.114728e-01
    616      4.884787e+00      2.875107e-01      2.608278e-01      4.130892e-01
    617      4.709571e+00      3.088290e-01      2.763529e-01      4.151233e-01
    618      4.590944e+00      3.250371e-01      2.915828e-01      4.168409e-01
    619      4.538403e+00      3.322273e-01      2.981101e-01      4.178784e-01
    620      4.475146e+00      3.450351e-01      3.029640e-01      4.196550e-01
    621      4.032623e+00      3.785044e-01      3.064466e-01      4.253596e-01
    622      3.808748e+00      4.098565e-01      3.083010e-01      4.288379e-01
    623      3.439485e+00      4.430954e-01      3.020640e-01      4.329227e-01
    624      3.307801e+00      4.622109e-01      2.961608e-01      4.340126e-01
    625      3.194635e+00      4.768462e-01      2.895606e-01      4.353546e-01
    626      3.054306e+00      4.917843e-01      2.833643e-01      4.372435e-01
    627      2.891493e+00      5.066775e-01      2.764438e-01      4.392828e-01
    628      2.713521e+00      5.224435e-01      2.672680e-01      4.409968e-01
    629      2.814285e+00      5.220323e-01      2.750497e-01      4.411496e-01
    630      2.863840e+00      5.235427e-01      2.794045e-01      4.409689e-01
    631      2.923649e+00      5.235476e-01      2.837082e-01      4.412473e-01
    632      2.983070e+00      5.232854e-01      2.875343e-01      4.415246e-01
    633      3.058411e+00      5.244082e-01      2.919692e-01      4.423741e-01
    634      3.168823e+00      5.257463e-01      2.941523e-01      4.430472e-01
    635      3.294142e+00      5.308427e-01      3.005713e-01      4.445527e-01
    636      3.428271e+00      5.394095e-01      3.135046e-01      4.465618e-01
    637      3.606705e+00      5.488348e-01      3.275374e-01      4.481512e-01
    638      3.819685e+00      5.589555e-01      3.412287e-01      4.510453e-01
    639      4.072348e+00      5.717186e-01      3.565774e-01      4.561601e-01
    640      4.423992e+00      5.868476e-01      3.743439e-01      4.608672e-01
    641      4.667206e+00      6.040491e-01      3.834372e-01      4.615710e-01
    642      3.043195e+00      6.736742e-01      3.199930e-01      4.695382e-01
    643      1.220274e+00      9.380242e-01      6.480217e-02      5.131113e-01
    644      1.000000e+00      1.000000e+00     -7.104768e-17      5.333000e-01
    645      1.000000e+00      1.000000e+00     -1.655844e-16      5.333000e-01
    646      1.000000e+00      1.000000e+00     -1.712576e-16      5.333000e-01
    647      1.000000e+00      1.000000e+00     -1.702670e-16      5.333000e-01
    648      1.000000e+00      1.000000e+00     -1.964598e-16      5.333000e-01
    649      1.000000e+00      1.000000e+00      5.702029e-18      5.333000e-01
    650      1.000000e+00      1.000000e+00     -1.639542e-11      5.333000e-01
    651      1.000000e+00      1.000000e+00     -7.480801e-10      5.333000e-01
    652      1.000000e+00      1.000000e+00     -9.867588e-09      5.333000e-01
    653      1.000000e+00      1.000000e+00     -8.008943e-09      5.333000e-01
    654      1.000000e+00      1.000000e+00     -4.144225e-09      5.333000e-01
    655      1.000000e+00      1.000000e+00      3.587259e-16      5.333000e-01
    656      1.000000e+00      1.000000e+00      3.493135e-16      5.333000e-01
    657      1.000000e+00      1.000000e+00      3.304745e-16      5.333000e-01
    658      1.000000e+00      1.000000e+00      2.553594e-16      5.333000e-01
    659      1.000000e+00      1.000000e+00      2.005725e-16      5.333000e-01
    660      1.000000e+00      1.000000e+00      1.582334e-16      5.333000e-01
    661      1.000000e+00      1.000000e+00      1.312806e-16      5.333000e-01
    662      1.000000e+00      1.000000e+00      9.701948e-17      5.333000e-01
    663      1.000000e+00      1.000000e+00      9.014996e-17      5.333000e-01
    664      1.000000e+00      1.000000e+00      1.161215e-16      5.333000e-01
    665      1.000000e+00      1.000000e+00      1.535847e-16      5.333000e-01
    666      1.000000e+00      1.000000e+00      1.293858e-16      5.333000e-01
    667      1.000000e+00      1.000000e+00      3.833414e-17      5.333000e-01
    668      1.000000e+00      1.000000e+00      1.042566e-17      5.333000e-01
    669      1.000000e+00      1.000000e+00     -3.003166e-17      5.333000e-01
    670      1.000000e+00      1.000000e+00      5.415674e-17      5.333000e-01
    671      1.000000e+00      1.000000e+00      1.385241e-16      5.333000e-01
    672      1.000000e+00      1.000000e+00      1.394421e-17      5.333000e-01
    673      1.000000e+00      1.000000e+00     -8.888948e-17      5.333000e-01
    674      1.000000e+00      1.000000e+00     -7.216884e-17      5.333000e-01
    675      1.000000e+00      1.000000e+00      5.325978e-17      5.333000e-01
    676      1.000000e+00      1.000000e+00      4.328561e-17      5.333000e-01
    677      1.000000e+00      1.000000e+00     -2.897901e-17      5.333000e-01
    678      1.000000e+00      1.000000e+00      5.438250e-17      5.333000e-01
    679      1.000000e+00      1.000000e+00      1.687968e-16      5.333000e-01
    680      1.000000e+00      1.000000e+00     -3.032021e-17      5.333000e-01
    681      1.000000e+00      1.000000e+00     -1.651908e-16      5.333000e-01
    682      1.000000e+00      1.000000e+00     -5.647204e-17      5.333000e-01
    683      1.000000e+00      1.000000e+00      7.725673e-17      5.333000e-01
    684      1.000000e+00      1.000000e+00      1.568740e-16      5.333000e-01
    685      1.000000e+00      1.000000e+00     -1.283974e-16      5.333000e-01
    686      1.000000e+00      1.000000e+00     -1.406013e-16      5.333000e-01
    687      1.000000e+00      1.000000e+00      8.529503e-17      5.333000e-01
    688      1.000000e+00      1.000000e+00      1.606600e-17      5.333000e-01
    689      1.000000e+00      1.000000e+00     -1.837734e-17      5.333000e-01
    690      1.000000e+00      1.000000e+00      2.296267e-17      5.333000e-01
    691      1.000000e+00      1.000000e+00      4.405288e-17      5.333000e-01
    692      1.000000e+00      1.000000e+00      1.031951e-16      5.333000e-01
    693      1.000000e+00      1.000000e+00      1.288041e-16      5.333000e-01
    694      1.000000e+00      1.000000e+00      1.101254e-16      5.333000e-01
    695      1.000000e+00      1.000000e+00     -8.124599e-17      5.333000e-01
    696      1.000000e+00      1.000000e+00     -1.441651e-16      5.333000e-01
    697      1.000000e+00      1.000000e+00      6.177743e-17      5.333000e-01
    698      1.000000e+00      1.000000e+00      8.393894e-17      5.333000e-01
    699      1.000000e+00      1.000000e+00     -1.691106e-17      5.333000e-01
    700      1.000000e+00      1.000000e+00     -1.533003e-16      5.333000e-01
    701      1.000000e+00      1.000000e+00     -1.909384e-16      5.333000e-01
    702      1.000000e+00      1.000000e+00     -1.382274e-16      5.333000e-01
    703      1.000000e+00      1.000000e+00      6.830933e-17      5.333000e-01
    704      1.000000e+00      1.000000e+00      1.634704e-16      5.333000e-01
    705      1.000000e+00      1.000000e+00      1.651931e-16      5.333000e-01
    706      1.000000e+00      1.000000e+00     -9.575937e-17      5.333000e-01
    707      1.552381e+00      7.850744e-01      1.222426e-01      4.760341e-01
    708      3.030095e+00      4.353983e-01      1.868922e-01      4.161673e-01
    709      4.174736e+00      2.515535e-01      1.577486e-01      4.066118e-01
    710      4.818639e+00      1.604968e-01      1.231632e-01      4.063477e-01
    711      4.870445e+00      1.073213e-01      9.060810e-02      4.045742e-01
    712      4.950339e+00      1.360740e-01      1.286468e-01      4.054084e-01
    713      5.027113e+00      1.477601e-01      1.478675e-01      4.035411e-01
    714      5.116679e+00      1.776012e-01      1.707853e-01      4.042442e-01
    715      5.145855e+00      1.973751e-01      1.901937e-01      4.051075e-01
    716      5.293540e+00      2.428508e-01      2.274350e-01      4.085323e-01
    717      5.345803e+00      2.726983e-01      2.619075e-01      4.107882e-01
    718      5.371054e+00      2.754253e-01      2.692574e-01      4.095864e-01
    719      5.307386e+00      2.779433e-01      2.661785e-01      4.096837e-01
    720      5.227031e+00      2.887160e-01      2.668312e-01      4.108020e-01
    721      5.028652e+00      3.058263e-01      2.758870e-01      4.129390e-01
    722      4.794355e+00      3.236163e-01      2.925089e-01      4.162080e-01
    723      4.635674e+00      3.348520e-01      3.039892e-01      4.185213e-01
    724      4.612382e+00      3.380819e-01      3.044970e-01      4.189487e-01
    725      4.540080e+00      3.470562e-01      3.033504e-01      4.198178e-01
    726      4.218073e+00      3.732598e-01      3.068161e-01      4.229803e-01
    727      3.998294e+00      3.981135e-01      3.104966e-01      4.264370e-01
    728      3.677679e+00      4.316095e-01      3.058172e-01      4.304238e-01
    729      3.454312e+00      4.594957e-01      2.988137e-01      4.335743e-01
    730      3.258115e+00      4.801967e-01      2.921254e-01      4.357525e-01
    731      3.089119e+00      4.973771e-01      2.866171e-01      4.378510e-01
    732      2.929481e+00      5.114609e-01      2.802848e-01      4.397139e-01
    733      2.930674e+00      5.158216e-01      2.820072e-01      4.400848e-01
    734      2.989790e+00      5.143194e-01      2.867827e-01      4.401415e-01
    735      3.045925e+00      5.137857e-01      2.900928e-01      4.402734e-01
    736      3.115360e+00      5.149535e-01      2.949611e-01      4.411669e-01
    737      3.197159e+00      5.156356e-01      2.994718e-01      4.419340e-01
    738      3.331561e+00      5.190767e-01      3.032291e-01      4.430677e-01
    739      3.496558e+00      5.264619e-01      3.118940e-01      4.448624e-01
    740      3.675480e+00      5.358890e-01      3.264359e-01      4.462561e-01
    741      3.878514e+00      5.456398e-01      3.415331e-01      4.485771e-01
    742      4.113396e+00      5.576657e-01      3.568824e-01      4.535906e-01
    743      4.443954e+00      5.734926e-01      3.747771e-01      4.593398e-01
    744      4.639294e+00      6.010021e-01      3.798427e-01      4.601702e-01
    745      2.884478e+00      6.827159e-01      3.131565e-01      4.715743e-01
    746      1.088168e+00      9.697678e-01      2.713563e-02      5.226233e-01
    747      1.000000e+00      1.000000e+00     -8.554784e-17      5.333000e-01
    748      1.000000e+00      1.000000e+00     -1.339089e-16      5.333000e-01
    749      1.000000e+00      1.000000e+00     -2.246186e-16      5.333000e-01
    750      1.000000e+00      1.000000e+00     -1.068492e-16      5.333000e-01
    751      1.000000e+00      1.000000e+00     -1.162805e-16      5.333000e-01
    752      1.000000e+00      1.000000e+00     -7.328508e-17      5.333000e-01
    753      1.000000e+00      1.000000e+00      3.403638e-17      5.333000e-01
    754      1.000000e+00      1.000000e+00     -2.042891e-11      5.333000e-01
    755      1.000000e+00      1.000000e+00     -9.841760e-10      5.333000e-01
    756      1.000000e+00      1.000000e+00     -7.111646e-10      5.333000e-01
    757      1.000000e+00      1.000000e+00      1.962522e-16      5.333000e-01
    758      1.000000e+00      1.000000e+00      2.001408e-16      5.333000e-01
    759      1.000000e+00      1.000000e+00      2.019572e-16      5.333000e-01
    760      1.000000e+00      1.000000e+00      1.983979e-16      5.333000e-01
    761      1.000000e+00      1.000000e+00      1.482418e-16      5.333000e-01
    762      1.000000e+00      1.000000e+00      1.738263e-16      5.333000e-01
    763      1.000000e+00      1.000000e+00      2.562122e-16      5.333000e-01
    764      1.000000e+00      1.000000e+00      2.799903e-16      5.333000e-01
    765      1.000000e+00      1.000000e+00      1.789704e-16      5.333000e-01
    766      1.000000e+00      1.000000e+00      8.973061e-17      5.333000e-01
    767      1.000000e+00      1.000000e+00      4.186551e-17      5.333000e-01
    768      1.000000e+00      1.000000e+00      2.801120e-17      5.333000e-01
    769      1.000000e+00      1.000000e+00      7.750757e-17      5.333000e-01
    770      1.000000e+00      1.000000e+00      7.292478e-17      5.333000e-01
    771      1.000000e+00      1.000000e+00     -2.724724e-18      5.333000e-01
    772      1.000000e+00      1.000000e+00     -1.123037e-16      5.333000e-01
    773      1.000000e+00      1.000000e+00     -1.108970e-16      5.333000e-01
    774      1.000000e+00      1.000000e+00     -5.024549e-17      5.333000e-01
    775      1.000000e+00      1.000000e+00     -4.205981e-17      5.333000e-01
    776      1.000000e+00      1.000000e+00      1.825280e-17      5.333000e-01
    777      1.000000e+00      1.000000e+00      3.487038e-18      5.333000e-01
    778      1.000000e+00      1.000000e+00      1.295813e-16      5.333000e-01
    779      1.000000e+00      1.000000e+00      1.717369e-16      5.333000e-01
    780      1.000000e+00      1.000000e+00     -3.616637e-17      5.333000e-01
    781      1.000000e+00      1.000000e+00     -1.352636e-16      5.333000e-01
    782      1.000000e+00      1.000000e+00     -3.679534e-17      5.333000e-01
    783      1.000000e+00      1.000000e+00      1.293941e-16      5.333000e-01
    784      1.000000e+00      1.000000e+00      5.303283e-17      5.333000e-01
    785      1.000000e+00      1.000000e+00     -9.466072e-17      5.333000e-01
    786      1.000000e+00      1.000000e+00     -6.986953e-17      5.333000e-01
    787      1.000000e+00      1.000000e+00      8.045222e-17      5.333000e-01
    788      1.000000e+00      1.000000e+00      2.893006e-17      5.333000e-01
    789      1.000000e+00      1.000000e+00     -7.907806e-17      5.333000e-01
    790      1.000000e+00      1.000000e+00     -1.191857e-16      5.333000e-01
    791      1.000000e+00      1.000000e+00      4.942372e-17      5.333000e-01
    792      1.000000e+00      1.000000e+00      1.634122e-16      5.333000e-01
    793      1.000000e+00      1.000000e+00      1.896711e-16      5.333000e-01
    794      1.000000e+00      1.000000e+00      1.829770e-16      5.333000e-01
    795      1.000000e+00      1.000000e+00     -1.116914e-16      5.333000e-01
    796      1.000000e+00      1.000000e+00      6.600767e-18      5.333000e-01
    797      1.000000e+00      1.000000e+00      1.208387e-17      5.333000e-01
    798      1.000000e+00      1.000000e+00      3.997518e-17      5.333000e-01
    799      1.000000e+00      1.000000e+00     -7.776693e-18      5.333000e-01
    800      1.000000e+00      1.000000e+00     -2.442948e-16      5.333000e-01
    801      1.000000e+00      1.000000e+00     -2.055601e-16      5.333000e-01
    802      1.000000e+00      1.000000e+00     -1.012110e-16      5.333000e-01
    803      1.000000e+00      1.000000e+00      8.548110e-17      5.333000e-01
    804      1.000000e+00      1.000000e+00      1.552137e-16      5.333000e-01
    805      1.469776e+00      7.801131e-01      1.023137e-01      4.805100e-01
    806      2.862093e+00      5.284221e-01      2.198293e-01      4.401140e-01
    807      4.281814e+00      3.209431e-01      2.161920e-01      4.087870e-01
    808      4.758094e+00      2.370517e-01      1.793744e-01      4.044653e-01
    809      5.003754e+00      1.793623e-01      1.582478e-01      4.042314e-01
    810      5.104083e+00      1.772034e-01      1.715968e-01      4.011198e-01
    811      5.308839e+00      2.094343e-01      1.912988e-01      4.033047e-01
    812      5.332699e+00      2.300860e-01      2.127068e-01      4.051967e-01
    813      5.539152e+00      2.606481e-01      2.411089e-01      4.085539e-01
    814      5.586943e+00      2.934948e-01      2.725219e-01      4.114488e-01
    815      5.364856e+00      2.751240e-01      2.777339e-01      4.091617e-01
    816      5.414124e+00      2.673631e-01      2.612783e-01      4.080414e-01
    817      5.357662e+00      2.799615e-01      2.630715e-01      4.094989e-01
    818      5.278995e+00      2.918536e-01      2.643842e-01      4.110306e-01
    819      5.027569e+00      3.140288e-01      2.807809e-01      4.147140e-01
    820      4.753173e+00      3.321824e-01      3.020373e-01      4.186624e-01
    821      4.664694e+00      3.352678e-01      3.066406e-01      4.192742e-01
    822      4.673806e+00      3.364337e-01      3.016902e-01      4.190948e-01
    823      4.583786e+00      3.460591e-01      3.026671e-01      4.205052e-01
    824      4.351535e+00      3.654504e-01      3.076584e-01      4.225430e-01
    825      4.334113e+00      3.684521e-01      3.088599e-01      4.237992e-01
    826      4.059696e+00      3.968805e-01      3.086630e-01      4.269429e-01
    827      3.741955e+00      4.332255e-01      3.036723e-01      4.306442e-01
    828      3.478746e+00      4.612462e-01      2.997519e-01      4.339010e-01
    829      3.262463e+00      4.834385e-01      2.944939e-01      4.362503e-01
    830      3.084334e+00      5.025156e-01      2.893421e-01      4.385861e-01
    831      3.124106e+00      5.031390e-01      2.931351e-01      4.389294e-01
    832      3.190222e+00      5.046046e-01      2.978708e-01      4.398756e-01
    833      3.263738e+00      5.045053e-01      3.022768e-01      4.405107e-01
    834      3.364827e+00      5.070531e-01      3.082878e-01      4.416935e-01
    835      3.541624e+00      5.130127e-01      3.146507e-01      4.435002e-01
    836      3.763171e+00      5.218661e-01      3.251516e-01      4.443867e-01
    837      3.970294e+00      5.316757e-01      3.407765e-01      4.460487e-01
    838      4.177798e+00      5.429686e-01      3.571522e-01      4.507364e-01
    839      4.475721e+00      5.592728e-01      3.754635e-01      4.575764e-01
    840      4.506966e+00      5.955517e-01      3.736583e-01      4.586037e-01
    841      2.712355e+00      6.950585e-01      3.005309e-01      4.729870e-01
    842      1.000000e+00      1.000000e+00     -1.473465e-16      5.333000e-01
    843      1.000000e+00      1.000000e+00     -5.225102e-17      5.333000e-01
    844      1.000000e+00      1.000000e+00     -7.402796e-17      5.333000e-01
    845      1.000000e+00      1.000000e+00     -2.167376e-16      5.333000e-01
    846      1.000000e+00      1.000000e+00     -1.644211e-16      5.333000e-01
    847      1.000000e+00      1.000000e+00     -4.005321e-17      5.333000e-01
    848      1.000000e+00      1.000000e+00     -5.747651e-17      5.333000e-01
    849      1.000000e+00      1.000000e+00     -7.132219e-18      5.333000e-01
    850      1.000000e+00      1.000000e+00     -8.023143e-17      5.333000e-01
    851      1.000000e+00      1.000000e+00     -1.694168e-11      5.333000e-01
    852      1.000000e+00      1.000000e+00     -2.150796e-17      5.333000e-01
    853      1.000000e+00      1.000000e+00      3.431577e-17      5.333000e-01
    854      1.000000e+00      1.000000e+00      7.752464e-17      5.333000e-01
    855      1.000000e+00      1.000000e+00      8.380680e-17      5.333000e-01
    856      1.000000e+00      1.000000e+00      8.616326e-17      5.333000e-01
    857      1.000000e+00      1.000000e+00      7.320223e-17      5.333000e-01
    858      1.000000e+00      1.000000e+00      8.132097e-17      5.333000e-01
    859      1.000000e+00      1.000000e+00      1.100729e-16      5.333000e-01
    860      1.000000e+00      1.000000e+00      2.571305e-17      5.333000e-01
    861      1.000000e+00      1.000000e+00     -1.082835e-16      5.333000e-01
    862      1.000000e+00      1.000000e+00     -1.385282e-16      5.333000e-01
    863      1.000000e+00      1.000000e+00     -7.330423e-17      5.333000e-01
    864      1.000000e+00      1.000000e+00     -3.481405e-17      5.333000e-01
    865      1.000000e+00      1.000000e+00     -1.538428e-16      5.333000e-01
    866      1.000000e+00      1.000000e+00     -5.669712e-17      5.333000e-01
    867      1.000000e+00      1.000000e+00     -3.865599e-17      5.333000e-01
    868      1.000000e+00      1.000000e+00     -8.843331e-17      5.333000e-01
    869      1.000000e+00      1.000000e+00     -1.667342e-17      5.333000e-01
    870      1.000000e+00      1.000000e+00      6.554604e-17      5.333000e-01
    871      1.000000e+00      1.000000e+00      1.679411e-16      5.333000e-01
    872      1.000000e+00      1.000000e+00      1.221778e-16      5.333000e-01
    873      1.000000e+00      1.000000e+00     -1.454595e-17      5.333000e-01
    874      1.000000e+00      1.000000e+00     -1.529486e-16      5.333000e-01
    875      1.000000e+00      1.000000e+00      8.930790e-17      5.333000e-01
    876      1.000000e+00      1.000000e+00      8.159934e-17      5.333000e-01
    877      1.000000e+00      1.000000e+00      1.394458e-17      5.333000e-01
    878      1.000000e+00      1.000000e+00     -5.841732e-17      5.333000e-01
    879      1.000000e+00      1.000000e+00     -3.912312e-17      5.333000e-01
    880      1.000000e+00      1.000000e+00      8.809157e-17      5.333000e-01
    881      1.000000e+00      1.000000e+00      3.264462e-17      5.333000e-01
    882      1.000000e+00      1.000000e+00     -2.134623e-16      5.333000e-01
    883      1.000000e+00      1.000000e+00     -1.567505e-16      5.333000e-01
    884      1.000000e+00      1.000000e+00      9.501145e-17      5.333000e-01
    885      1.000000e+00      1.000000e+00      1.989134e-16      5.333000e-01
    886      1.000000e+00      1.000000e+00      2.596398e-16      5.333000e-01
    887      1.000000e+00      1.000000e+00      2.864964e-17      5.333000e-01
    888      1.000000e+00      1.000000e+00     -1.217414e-16      5.333000e-01
    889      1.000000e+00      1.000000e+00      5.616551e-17      5.333000e-01
    890      1.000000e+00      1.000000e+00     -4.770199e-17      5.333000e-01
    891      1.000000e+00      1.000000e+00      4.117904e-17      5.333000e-01
    892      1.000000e+00      1.000000e+00     -1.177315e-16      5.333000e-01
    893      1.000000e+00      1.000000e+00     -2.145349e-16      5.333000e-01
    894      1.000000e+00      1.000000e+00     -1.204493e-16      5.333000e-01
    895      1.520039e+00      7.812325e-01      1.214727e-01      4.819534e-01
    896      2.287121e+00      5.200884e-01      1.385657e-01      4.381267e-01
    897      3.178040e+00      4.426035e-01      2.139483e-01      4.270340e-01
    898      4.476733e+00      3.814584e-01      2.722356e-01      4.198815e-01
    899      5.396391e+00      2.887570e-01      2.437671e-01      4.103029e-01
    900      5.643995e+00      2.786627e-01      2.569485e-01      4.107681e-01
    901      5.677246e+00      3.073802e-01      2.729807e-01      4.114053e-01
    902      4.966004e+00      3.006847e-01      2.357412e-01      4.090455e-01
    903      5.077701e+00      2.685460e-01      2.686355e-01      4.102408e-01
    904      5.176450e+00      2.841516e-01      2.681341e-01      4.097371e-01
    905      5.556310e+00      2.791446e-01      2.624469e-01      4.102944e-01
    906      5.372368e+00      2.872417e-01      2.692188e-01      4.122781e-01
    907      5.369257e+00      2.989743e-01      2.662074e-01      4.135448e-01
    908      4.940698e+00      3.277056e-01      2.954773e-01      4.187639e-01
    909      4.654346e+00      3.337570e-01      3.110012e-01      4.205070e-01
    910      4.728088e+00      3.273989e-01      2.989376e-01      4.193138e-01
    911      4.699772e+00      3.354466e-01      2.980424e-01      4.203549e-01
    912      4.592537e+00      3.485391e-01      3.045113e-01      4.223575e-01
    913      4.395863e+00      3.684543e-01      3.114949e-01      4.250069e-01
    914      4.357911e+00      3.838830e-01      3.086443e-01      4.264341e-01
    915      4.108175e+00      4.018498e-01      3.062964e-01      4.280817e-01
    916      3.827009e+00      4.345608e-01      3.101222e-01      4.325441e-01
    917      3.468318e+00      4.677380e-01      3.039747e-01      4.355369e-01
    918      3.262513e+00      4.878136e-01      2.977274e-01      4.372949e-01
    919      3.291990e+00      4.922995e-01      3.019723e-01      4.385554e-01
    920      3.335653e+00      4.943250e-01      3.044111e-01      4.392515e-01
    921      3.433271e+00      4.945329e-01      3.104589e-01      4.399896e-01
    922      3.584405e+00      4.987325e-01      3.198855e-01      4.421984e-01
    923      3.826257e+00      5.070214e-01      3.282308e-01      4.429613e-01
    924      4.087457e+00      5.170914e-01      3.396319e-01      4.435942e-01
    925      4.279506e+00      5.277849e-01      3.560588e-01      4.475801e-01
    926      4.527080e+00      5.445307e-01      3.760198e-01      4.554375e-01
    927      4.328541e+00      5.911115e-01      3.656512e-01      4.572204e-01
    928      2.519122e+00      7.100228e-01      2.804517e-01      4.731732e-01
    929      1.000000e+00      1.000000e+00     -1.909037e-16      5.333000e-01
    930      1.000000e+00      1.000000e+00     -6.967159e-17      5.333000e-01
    931      1.000000e+00      1.000000e+00      1.292975e-16      5.333000e-01
    932      1.000000e+00      1.000000e+00     -5.248074e-17      5.333000e-01
    933      1.000000e+00      1.000000e+00     -1.834452e-16      5.333000e-01
    934      1.000000e+00      1.000000e+00     -1.201679e-16      5.333000e-01
    935      1.000000e+00      1.000000e+00     -8.576285e-17      5.333000e-01
    936      1.000000e+00      1.000000e+00     -5.856146e-17      5.333000e-01
    937      1.000000e+00      1.000000e+00     -8.029743e-17      5.333000e-01
    938      1.000000e+00      1.000000e+00     -6.298926e-17      5.333000e-01
    939      1.000000e+00      1.000000e+00      1.542007e-17      5.333000e-01
    940      1.000000e+00      1.000000e+00     -5.673163e-17      5.333000e-01
    941      1.000000e+00      1.000000e+00     -3.485043e-17      5.333000e-01
    942      1.000000e+00      1.000000e+00     -1.909089e-17      5.333000e-01
    943      1.000000e+00      1.000000e+00     -4.284175e-17      5.333000e-01
    944      1.000000e+00      1.000000e+00     -6.953662e-18      5.333000e-01
    945      1.000000e+00      1.000000e+00      2.421770e-17      5.333000e-01
    946      1.000000e+00      1.000000e+00     -2.164379e-17      5.333000e-01
    947      1.000000e+00      1.000000e+00     -8.400780e-17      5.333000e-01
    948      1.000000e+00      1.000000e+00     -9.408925e-17      5.333000e-01
    949      1.000000e+00      1.000000e+00     -5.694198e-17      5.333000e-01
    950      1.000000e+00      1.000000e+00      2.153981e-17      5.333000e-01
    951      1.000000e+00      1.000000e+00     -6.812903e-17      5.333000e-01
    952      1.000000e+00      1.000000e+00     -9.139362e-17      5.333000e-01
    953      1.000000e+00      1.000000e+00     -3.809927e-17      5.333000e-01
    954      1.000000e+00      1.000000e+00      1.742419e-18      5.333000e-01
    955      1.000000e+00      1.000000e+00      7.335344e-17      5.333000e-01
    956      1.000000e+00      1.000000e+00      1.594027e-16      5.333000e-01
    957      1.000000e+00      1.000000e+00     -6.043333e-17      5.333000e-01
    958      1.000000e+00      1.000000e+00     -8.587478e-17      5.333000e-01
    959      1.000000e+00      1.000000e+00      1.241433e-16      5.333000e-01
    960      1.000000e+00      1.000000e+00     -4.860155e-18      5.333000e-01
    961      1.000000e+00      1.000000e+00     -1.286951e-17      5.333000e-01
    962      1.000000e+00      1.000000e+00     -6.753128e-17      5.333000e-01
    963      1.000000e+00      1.000000e+00     -1.399235e-17      5.333000e-01
    964      1.000000e+00      1.000000e+00      1.929689e-16      5.333000e-01
    965      1.000000e+00      1.000000e+00     -4.906830e-17      5.333000e-01
    966      1.000000e+00      1.000000e+00     -2.540750e-16      5.333000e-01
    967      1.000000e+00      1.000000e+00     -1.364091e-16      5.333000e-01
    968      1.000000e+00      1.000000e+00      1.042106e-16      5.333000e-01
    969      1.000000e+00      1.000000e+00      2.432518e-16      5.333000e-01
    970      1.000000e+00      1.000000e+00      2.599130e-16      5.333000e-01
    971      1.000000e+00      1.000000e+00     -6.071727e-17      5.333000e-01
    972      1.000000e+00      1.000000e+00     -7.188394e-17      5.333000e-01
    973      1.000000e+00      1.000000e+00      3.035526e-17      5.333000e-01
    974      1.000000e+00      1.000000e+00      1.243519e-17      5.333000e-01
    975      1.000000e+00      1.000000e+00     -3.480397e-17      5.333000e-01
    976      1.293605e+00      8.694471e-01      6.784116e-02      4.948298e-01
    977      2.142316e+00      5.910451e-01      1.542934e-01      4.480562e-01
    978      2.910952e+00      5.010725e-01      2.452819e-01      4.378300e-01
    979      3.885953e+00      3.599088e-01      2.365011e-01      4.180900e-01
    980      4.995294e+00      3.234775e-01      2.503012e-01      4.134084e-01
    981      5.356749e+00      2.879363e-01      2.672816e-01      4.149810e-01
    982      5.289825e+00      3.077037e-01      2.711198e-01      4.141805e-01
    983      5.383495e+00      3.113515e-01      2.674130e-01      4.149021e-01
    984      4.681704e+00      3.195753e-01      2.966897e-01      4.188882e-01
    985      4.585982e+00      3.223197e-01      2.979524e-01      4.198180e-01
    986      4.814256e+00      3.309422e-01      2.939739e-01      4.198844e-01
    987      4.764730e+00      3.505288e-01      3.080751e-01      4.230332e-01
    988      4.675565e+00      3.653863e-01      3.208059e-01      4.261556e-01
    989      4.636200e+00      3.854823e-01      3.226593e-01      4.282740e-01
    990      4.604807e+00      4.042106e-01      3.256606e-01      4.308275e-01
    991      4.287592e+00      4.053756e-01      3.165106e-01      4.300618e-01
    992      4.120351e+00      4.292724e-01      3.275105e-01      4.342428e-01
    993      3.738716e+00      4.548767e-01      3.186161e-01      4.363289e-01
    994      3.467985e+00      4.763143e-01      3.085595e-01      4.372497e-01
    995      3.489718e+00      4.832936e-01      3.107736e-01      4.384040e-01
    996      3.673816e+00      4.831179e-01      3.222661e-01      4.403057e-01
    997      3.886523e+00      4.912641e-01      3.338215e-01      4.416852e-01
    998      4.174442e+00      5.025253e-01      3.429172e-01      4.417948e-01
    999      4.412360e+00      5.122904e-01      3.537508e-01      4.442975e-01
   1000      4.616896e+00      5.298034e-01      3.748038e-01      4.526494e-01
   1001      4.103842e+00      5.882359e-01      3.555375e-01      4.561243e-01
   1002      2.269664e+00      7.345532e-01      2.519607e-01      4.748797e-01
   1003      1.000000e+00      1.000000e+00     -1.650589e-16      5.333000e-01
   1004      1.000000e+00      1.000000e+00     -1.017817e-16      5.333000e-01
   1005      1.000000e+00      1.000000e+00      1.930583e-16      5.333000e-01
   1006      1.000000e+00      1.000000e+00      1.600157e-16      5.333000e-01
   1007      1.000000e+00      1.000000e+00     -1.079577e-17      5.333000e-01
   1008      1.000000e+00      1.000000e+00     -1.439805e-16      5.333000e-01
   1009      1.000000e+00      1.000000e+00     -9.978234e-17      5.333000e-01
   1010      1.000000e+00      1.000000e+00     -1.007679e-16      5.333000e-01
   1011      1.000000e+00      1.000000e+00     -1.516845e-16      5.333000e-01
   1012      1.000000e+00      1.000000e+00     -1.177878e-16      5.333000e-01
   1013      1.000000e+00      1.000000e+00     -1.980154e-16      5.333000e-01
   1014      1.000000e+00      1.000000e+00     -2.776851e-16      5.333000e-01
   1015      1.000000e+00      1.000000e+00     -1.229928e-16      5.333000e-01
   1016      1.000000e+00      1.000000e+00     -2.641207e-17      5.333000e-01
   1017      1.000000e+00      1.000000e+00      1.058512e-17      5.333000e-01
   1018      1.000000e+00      1.000000e+00     -4.277777e-17      5.333000e-01
   1019      1.000000e+00      1.000000e+00     -1.533309e-17      5.333000e-01
   1020      1.000000e+00      1.000000e+00     -5.588451e-17      5.333000e-01
   1021      1.000000e+00      1.000000e+00     -5.185992e-17      5.333000e-01
   1022      1.000000e+00      1.000000e+00      1.191986e-17      5.333000e-01
   1023      1.000000e+00      1.000000e+00     -7.673073e-17      5.333000e-01
   1024      1.000000e+00      1.000000e+00     -8.406331e-17      5.333000e-01
   1025      1.000000e+00      1.000000e+00     -8.030580e-17      5.333000e-01
   1026      1.000000e+00      1.000000e+00     -4.514291e-17      5.333000e-01
   1027      1.000000e+00      1.000000e+00      1.571204e-16      5.333000e-01
   1028      1.000000e+00      1.000000e+00      2.108733e-16      5.333000e-01
   1029      1.000000e+00      1.000000e+00     -5.606310e-17      5.333000e-01
   1030      1.000000e+00      1.000000e+00      2.889880e-17      5.333000e-01
   1031      1.000000e+00      1.000000e+00     -5.696121e-17      5.333000e-01
   1032      1.000000e+00      1.000000e+00     -1.028124e-16      5.333000e-01
   1033      1.000000e+00      1.000000e+00     -1.126777e-16      5.333000e-01
   1034      1.000000e+00      1.000000e+00     -8.404733e-17      5.333000e-01
   1035      1.000000e+00      1.000000e+00      2.136555e-16      5.333000e-01
   1036      1.000000e+00      1.000000e+00      2.285643e-16      5.333000e-01
   1037      1.000000e+00      1.000000e+00     -3.726849e-17      5.333000e-01
   1038      1.000000e+00      1.000000e+00     -2.347849e-16      5.333000e-01
   1039      1.000000e+00      1.000000e+00     -9.151023e-17      5.333000e-01
   1040      1.000000e+00      1.000000e+00      1.269321e-16      5.333000e-01
   1041      1.000000e+00      1.000000e+00      2.519802e-16      5.333000e-01
   1042      1.000000e+00      1.000000e+00      1.871853e-16      5.333000e-01
   1043      1.000000e+00      1.000000e+00     -2.308315e-17      5.333000e-01
   1044      1.000000e+00      1.000000e+00     -2.257077e-17      5.333000e-01
   1045      1.440321e+00      8.166315e-01      1.106862e-01      4.885034e-01
   1046      2.098527e+00      5.620245e-01      1.298251e-01      4.402278e-01
   1047      3.304394e+00      4.301847e-01      2.150204e-01      4.275245e-01
   1048      3.861338e+00      3.909283e-01      2.374291e-01      4.223843e-01
   1049      4.424569e+00      3.230381e-01      2.370792e-01      4.115789e-01
   1050      3.597091e+00      4.070417e-01      2.614912e-01      4.224520e-01
   1051      4.397862e+00      3.816351e-01      2.889610e-01      4.208557e-01
   1052      3.936202e+00      4.397233e-01      2.861346e-01      4.271561e-01
   1053      4.424390e+00      4.198802e-01      3.227443e-01      4.291288e-01
   1054      4.613997e+00      4.252945e-01      3.321291e-01      4.301239e-01
   1055      4.756213e+00      4.291458e-01      3.335668e-01      4.316207e-01
   1056      4.727184e+00      4.275208e-01      3.466820e-01      4.336117e-01
   1057      4.481589e+00      4.216331e-01      3.386233e-01      4.336764e-01
   1058      4.364850e+00      4.397688e-01      3.443672e-01      4.359132e-01
   1059      4.054431e+00      4.515263e-01      3.341338e-01      4.373665e-01
   1060      3.730605e+00      4.684793e-01      3.218102e-01      4.382618e-01
   1061      4.024657e+00      4.735261e-01      3.370722e-01      4.397223e-01
   1062      4.253885e+00      4.875560e-01      3.498016e-01      4.404684e-01
   1063      4.510319e+00      4.965303e-01      3.554193e-01      4.415595e-01
   1064      4.744648e+00      5.157605e-01      3.709252e-01      4.490200e-01
   1065      3.854067e+00      5.878335e-01      3.419702e-01      4.553927e-01
   1066      1.969294e+00      7.727004e-01      2.120443e-01      4.793187e-01
   1067      1.000000e+00      1.000000e+00     -1.202629e-16      5.333000e-01
   1068      1.000000e+00      1.000000e+00     -1.303961e-16      5.333000e-01
   1069      1.000000e+00      1.000000e+00      5.612392e-17      5.333000e-01
   1070      1.000000e+00      1.000000e+00      2.280648e-16      5.333000e-01
   1071      1.000000e+00      1.000000e+00      1.519652e-16      5.333000e-01
   1072      1.000000e+00      1.000000e+00      7.113516e-17      5.333000e-01
   1073      1.000000e+00      1.000000e+00     -8.208366e-17      5.333000e-01
   1074      1.000000e+00      1.000000e+00      1.421403e-17      5.333000e-01
   1075      1.000000e+00      1.000000e+00     -1.094726e-16      5.333000e-01
   1076      1.000000e+00      1.000000e+00     -3.141349e-16      5.333000e-01
   1077      1.000000e+00      1.000000e+00     -2.890859e-16      5.333000e-01
   1078      1.000000e+00      1.000000e+00     -1.012002e-16      5.333000e-01
   1079      1.000000e+00      1.000000e+00     -4.518721e-17      5.333000e-01
   1080      1.000000e+00      1.000000e+00     -1.524124e-16      5.333000e-01
   1081      1.000000e+00      1.000000e+00     -2.729144e-16      5.333000e-01
   1082      1.000000e+00      1.000000e+00     -2.907229e-16      5.333000e-01
   1083      1.000000e+00      1.000000e+00     -2.280791e-16      5.333000e-01
   1084      1.000000e+00      1.000000e+00     -1.301328e-16      5.333000e-01
   1085      1.000000e+00      1.000000e+00     -1.083777e-16      5.333000e-01
   1086      1.000000e+00      1.000000e+00     -1.606539e-17      5.333000e-01
   1087      1.000000e+00      1.000000e+00      7.953662e-17      5.333000e-01
   1088      1.000000e+00      1.000000e+00      2.433848e-16      5.333000e-01
   1089      1.000000e+00      1.000000e+00      1.755314e-16      5.333000e-01
   1090      1.000000e+00      1.000000e+00      3.696170e-17      5.333000e-01
   1091      1.000000e+00      1.000000e+00     -7.128051e-17      5.333000e-01
   1092      1.000000e+00      1.000000e+00     -2.211645e-16      5.333000e-01
   1093      1.000000e+00      1.000000e+00     -1.578502e-16      5.333000e-01
   1094      1.000000e+00      1.000000e+00     -2.627301e-16      5.333000e-01
   1095      1.000000e+00      1.000000e+00      3.275797e-17      5.333000e-01
   1096      1.000000e+00      1.000000e+00      4.128811e-16      5.333000e-01
   1097      1.000000e+00      1.000000e+00      2.358151e-16      5.333000e-01
   1098      1.000000e+00      1.000000e+00     -6.862651e-17      5.333000e-01
   1099      1.000000e+00      1.000000e+00     -2.592054e-16      5.333000e-01
   1100      1.000000e+00      1.000000e+00     -1.182182e-17      5.333000e-01
   1101      1.000000e+00      1.000000e+00      1.254319e-16      5.333000e-01
   1102      1.000000e+00      1.000000e+00      1.715928e-16      5.333000e-01
   1103      1.000000e+00      1.000000e+00      1.206751e-16      5.333000e-01
   1104      1.474958e+00      8.139980e-01      1.244369e-01      4.894087e-01
   1105      2.414489e+00      6.068865e-01      2.247828e-01      4.475198e-01
   1106      2.282487e+00      6.463659e-01      2.323806e-01      4.574579e-01
   1107      3.132368e+00      5.605450e-01      2.918286e-01      4.448635e-01
   1108      2.748053e+00      5.864897e-01      2.629224e-01      4.493126e-01
   1109      3.660162e+00      5.109495e-01      3.096478e-01      4.380517e-01
   1110      4.238418e+00      4.786622e-01      3.441442e-01      4.370226e-01
   1111      4.655749e+00      4.363303e-01      3.563329e-01      4.355504e-01
   1112      4.652501e+00      4.533447e-01      3.582629e-01      4.371782e-01
   1113      4.369252e+00      4.627978e-01      3.487213e-01      4.382576e-01
   1114      4.416764e+00      4.757021e-01      3.562279e-01      4.393329e-01
   1115      4.546924e+00      4.835103e-01      3.606618e-01      4.399041e-01
   1116      4.801068e+00      5.029109e-01      3.687153e-01      4.449989e-01
   1117      3.600785e+00      5.924584e-01      3.255833e-01      4.558496e-01
   1118      1.652185e+00      8.281707e-01      1.575164e-01      4.883306e-01
   1119      1.000000e+00      1.000000e+00      4.943938e-17      5.333000e-01
   1120      1.000000e+00      1.000000e+00     -7.714491e-17      5.333000e-01
   1121      1.000000e+00      1.000000e+00     -9.353264e-17      5.333000e-01
   1122      1.000000e+00      1.000000e+00      5.933635e-17      5.333000e-01
   1123      1.000000e+00      1.000000e+00      1.681026e-16      5.333000e-01
   1124      1.000000e+00      1.000000e+00      1.877729e-16      5.333000e-01
   1125      1.000000e+00      1.000000e+00      7.810098e-17      5.333000e-01
   1126      1.000000e+00      1.000000e+00     -1.085004e-17      5.333000e-01
   1127      1.000000e+00      1.000000e+00      2.894718e-17      5.333000e-01
   1128      1.000000e+00      1.000000e+00     -1.068543e-16      5.333000e-01
   1129      1.000000e+00      1.000000e+00     -7.428193e-17      5.333000e-01
   1130      1.000000e+00      1.000000e+00     -1.233570e-16      5.333000e-01
   1131      1.000000e+00      1.000000e+00     -2.254640e-16      5.333000e-01
   1132      1.000000e+00      1.000000e+00     -3.473064e-16      5.333000e-01
   1133      1.000000e+00      1.000000e+00     -3.145939e-16      5.333000e-01
   1134      1.000000e+00      1.000000e+00     -6.933032e-17      5.333000e-01
   1135      1.000000e+00      1.000000e+00      1.168888e-16      5.333000e-01
   1136      1.000000e+00      1.000000e+00      2.541168e-16      5.333000e-01
   1137      1.000000e+00      1.000000e+00      1.649527e-16      5.333000e-01
   1138      1.000000e+00      1.000000e+00      1.330570e-16      5.333000e-01
   1139      1.000000e+00      1.000000e+00      7.847917e-18      5.333000e-01
   1140      1.000000e+00      1.000000e+00     -2.179018e-16      5.333000e-01
   1141      1.000000e+00      1.000000e+00     -2.112752e-16      5.333000e-01
   1142      1.000000e+00      1.000000e+00     -2.065755e-16      5.333000e-01
   1143      1.000000e+00      1.000000e+00     -3.189313e-16      5.333000e-01
   1144      1.000000e+00      1.000000e+00      2.074459e-16      5.333000e-01
   1145      1.000000e+00      1.000000e+00      4.351694e-16      5.333000e-01
   1146      1.000000e+00      1.000000e+00      1.843988e-16      5.333000e-01
   1147      1.000000e+00      1.000000e+00     -1.015475e-16      5.333000e-01
   1148      1.000000e+00      1.000000e+00     -1.301975e-16      5.333000e-01
   1149      1.000000e+00      1.000000e+00     -1.512161e-17      5.333000e-01
   1150      1.000000e+00      1.000000e+00      2.704802e-17      5.333000e-01
   1151      1.242008e+00      9.134351e-01      6.818138e-02      5.072473e-01
   1152      1.398639e+00      8.371831e-01      1.044671e-01      4.906518e-01
   1153      2.141815e+00      6.846875e-01      2.302534e-01      4.646406e-01
   1154      2.879613e+00      6.173940e-01      2.829899e-01      4.525020e-01
   1155      4.285215e+00      4.926888e-01      3.450706e-01      4.382865e-01
   1156      3.905232e+00      5.259729e-01      3.359786e-01      4.427714e-01
   1157      4.672105e+00      4.675345e-01      3.638628e-01      4.380800e-01
   1158      4.720919e+00      4.866840e-01      3.684251e-01      4.408978e-01
   1159      3.346573e+00      5.997184e-01      3.169551e-01      4.580826e-01
   1160      1.391557e+00      8.984109e-01      9.803566e-02      5.041353e-01
   1161      1.000000e+00      1.000000e+00     -5.785256e-18      5.333000e-01
   1162      1.000000e+00      1.000000e+00     -2.626830e-17      5.333000e-01
   1163      1.000000e+00      1.000000e+00     -1.066886e-16      5.333000e-01
   1164      1.000000e+00      1.000000e+00     -9.559937e-17      5.333000e-01
   1165      1.000000e+00      1.000000e+00      5.117753e-17      5.333000e-01
   1166      1.000000e+00      1.000000e+00      1.844526e-16      5.333000e-01
   1167      1.000000e+00      1.000000e+00      1.128777e-16      5.333000e-01
   1168      1.000000e+00      1.000000e+00      5.474767e-17      5.333000e-01
   1169      1.000000e+00      1.000000e+00     -6.605899e-17      5.333000e-01
   1170      1.000000e+00      1.000000e+00     -9.976136e-17      5.333000e-01
   1171      1.000000e+00      1.000000e+00     -1.368124e-16      5.333000e-01
   1172      1.000000e+00      1.000000e+00     -1.279147e-16      5.333000e-01
   1173      1.000000e+00      1.000000e+00     -1.280527e-16      5.333000e-01
   1174      1.000000e+00      1.000000e+00     -7.381857e-17      5.333000e-01
   1175      1.000000e+00      1.000000e+00      2.956014e-16      5.333000e-01
   1176      1.000000e+00      1.000000e+00      2.181856e-16      5.333000e-01
   1177      1.000000e+00      1.000000e+00      1.238956e-16      5.333000e-01
   1178      1.000000e+00      1.000000e+00      1.416764e-16      5.333000e-01
   1179      1.000000e+00      1.000000e+00     -7.880055e-17      5.333000e-01
   1180      1.000000e+00      1.000000e+00     -1.859950e-16      5.333000e-01
   1181      1.000000e+00      1.000000e+00     -6.612307e-17      5.333000e-01
   1182      1.000000e+00      1.000000e+00     -1.748010e-16      5.333000e-01
   1183      1.000000e+00      1.000000e+00     -2.008203e-16      5.333000e-01
   1184      1.000000e+00      1.000000e+00      1.469778e-16      5.333000e-01
   1185      1.000000e+00      1.000000e+00      2.164121e-16      5.333000e-01
   1186      1.000000e+00      1.000000e+00      9.296055e-17      5.333000e-01
   1187      1.000000e+00      1.000000e+00      1.817867e-17      5.333000e-01
   1188      1.000000e+00      1.000000e+00     -2.326775e-17      5.333000e-01
   1189      1.214085e+00      9.286955e-01      6.171221e-02      5.111113e-01
   1190      2.262982e+00      6.962769e-01      2.374905e-01      4.656953e-01
   1191      1.662558e+00      8.089500e-01      1.684756e-01      4.895152e-01
   1192      3.405835e+00      5.713032e-01      3.235829e-01      4.526193e-01
   1193      1.269631e+00      9.367579e-01      7.960650e-02      5.175560e-01
   1194      1.000000e+00      1.000000e+00     -9.556782e-17      5.333000e-01
   1195      1.000000e+00      1.000000e+00      1.180804e-17      5.333000e-01
   1196      1.000000e+00      1.000000e+00     -1.293773e-16      5.333000e-01
   1197      1.000000e+00      1.000000e+00     -1.438737e-16      5.333000e-01
   1198      1.000000e+00      1.000000e+00     -3.054513e-17      5.333000e-01
   1199      1.000000e+00      1.000000e+00      1.178746e-16      5.333000e-01
   1200      1.000000e+00      1.000000e+00      8.533543e-17      5.333000e-01
   1201      1.000000e+00      1.000000e+00      6.105795e-17      5.333000e-01
   1202      1.000000e+00      1.000000e+00      5.663631e-17      5.333000e-01
   1203      1.000000e+00      1.000000e+00     -9.549077e-17      5.333000e-01
   1204      1.000000e+00      1.000000e+00     -3.746572e-17      5.333000e-01
   1205      1.000000e+00      1.000000e+00      1.342117e-16      5.333000e-01
   1206      1.000000e+00      1.000000e+00      2.210848e-16      5.333000e-01
   1207      1.000000e+00      1.000000e+00      6.886062e-17      5.333000e-01
   1208      1.000000e+00      1.000000e+00      1.001436e-16      5.333000e-01
   1209      1.000000e+00      1.000000e+00      1.242908e-18      5.333000e-01
   1210      1.000000e+00      1.000000e+00     -2.405853e-17      5.333000e-01
   1211      1.000000e+00      1.000000e+00      2.421835e-17      5.333000e-01
   1212      1.000000e+00      1.000000e+00     -1.152627e-16      5.333000e-01
   1213      1.000000e+00      1.000000e+00     -1.629973e-16      5.333000e-01
   1214      1.000000e+00      1.000000e+00      7.649007e-17      5.333000e-01
   1215      1.000000e+00      1.000000e+00      9.778371e-19      5.333000e-01
   1216      1.000000e+00      1.000000e+00      1.654160e-17      5.333000e-01
   1217      1.000000e+00      1.000000e+00      8.215639e-17      5.333000e-01
   1218      1.000000e+00      1.000000e+00     -1.583209e-16      5.333000e-01
   1219      1.000000e+00      1.000000e+00     -1.814617e-16      5.333000e-01
   1220      1.000000e+00      1.000000e+00      7.296712e-17      5.333000e-01
   1221      1.000000e+00      1.000000e+00     -9.814004e-17      5.333000e-01
   1222      1.000000e+00      1.000000e+00     -1.625194e-16      5.333000e-01
   1223      1.000000e+00      1.000000e+00     -7.476769e-17      5.333000e-01
   1224      1.000000e+00      1.000000e+00      5.574620e-17      5.333000e-01
   1225      1.000000e+00      1.000000e+00      5.759096e-17      5.333000e-01
   1226      1.000000e+00      1.000000e+00      6.900891e-17      5.333000e-01
   1227      1.000000e+00      1.000000e+00      5.744840e-17      5.333000e-01
   1228      1.000000e+00      1.000000e+00      1.279673e-16      5.333000e-01
   1229      1.000000e+00      1.000000e+00      5.769410e-17      5.333000e-01
