 Nodal density, velocity and total energy solutions [  344]:

   Node        density        u-velocity        v-velocity         total energy
      1      1.000000e+00      1.000000e+00      0.000000e+00      5.333000e-01
      2      6.043766e+00      1.882409e-03      1.275855e-03      3.985803e-01
      3      1.000000e+00      1.000000e+00     -6.826022e-17      5.333000e-01
      4      1.000000e+00      1.000000e+00      7.777907e-19      5.333000e-01
      5      1.000000e+00      1.000000e+00      8.402005e-18      5.333000e-01
      6      1.618617e+00      8.326605e-01     -8.511573e-02      4.847180e-01
      7      3.752661e+00      5.075916e-01     -5.088921e-02      4.158255e-01
      8      5.737253e+00      3.422079e-01     -4.029871e-02      4.018097e-01
      9      5.514584e+00      3.351923e-01      6.382891e-04      4.051525e-01
     10      5.583915e+00      2.743655e-01      4.459509e-02      3.972915e-01
     11      5.957686e+00      1.137888e-01      4.240917e-02      3.959030e-01
     12      5.495719e+00      6.649126e-02      1.943253e-01      4.007472e-01
     13      5.997347e+00      6.498185e-02      8.120052e-02      3.990570e-01
     14      4.888295e+00      9.002382e-02      2.650400e-01      4.014086e-01
     15      5.028330e+00      7.562991e-02      2.547573e-01      4.009218e-01
     16      4.690757e+00      1.479973e-01      2.531683e-01      4.016019e-01
     17      4.804565e+00      1.180994e-01      2.570101e-01      4.006734e-01
     18      4.413971e+00      1.874811e-01      2.456480e-01      4.017882e-01
     19      4.544594e+00      1.724526e-01      2.462664e-01      3.994221e-01
     20      3.507681e+00      3.034888e-01      2.682584e-01      4.138042e-01
     21      4.107765e+00      2.311788e-01      2.480600e-01      4.051631e-01
     22      2.763397e+00      4.057174e-01      2.634946e-01      4.201683e-01
     23      2.952959e+00      3.869867e-01      2.684289e-01      4.186823e-01
     24      2.415137e+00      4.740695e-01      2.382401e-01      4.285566e-01
     25      2.478804e+00      4.520114e-01      2.515892e-01      4.254414e-01
     26      2.247888e+00      5.043623e-01      2.272481e-01      4.336615e-01
     27      1.422168e+00      6.381839e-01      1.461567e-01      4.510927e-01
     28      1.579192e+00      6.125894e-01      1.687989e-01      4.476427e-01
     29      9.999997e-01      1.000000e+00      3.640338e-08      5.333000e-01
     30      1.621823e+00      6.205247e-01      1.693163e-01      4.495630e-01
     31      2.404740e+00      5.478080e-01      2.416721e-01      4.433910e-01
     32      2.738992e+00      5.492593e-01      2.714521e-01      4.459374e-01
     33      2.837784e+00      5.591142e-01      2.834584e-01      4.486366e-01
     34      3.080332e+00      5.719913e-01      3.030337e-01      4.515283e-01
     35      3.478258e+00      6.003783e-01      3.294536e-01      4.571019e-01
     36      3.789663e+00      6.106862e-01      3.475116e-01      4.605331e-01
     37      4.097879e+00      6.158825e-01      3.627551e-01      4.631192e-01
     38      4.370214e+00      6.300004e-01      3.744093e-01      4.662036e-01
     39      3.411684e+00      6.963159e-01      3.266413e-01      4.724729e-01
     40      1.652246e+00      8.698797e-01      1.506190e-01      4.971686e-01
     41      1.000000e+00      1.000000e+00     -8.736628e-09      5.333000e-01
     42      1.000000e+00      1.000000e+00     -1.356109e-08      5.333000e-01
     43      1.000000e+00      1.000000e+00     -1.740875e-08      5.333000e-01
     44      9.999999e-01      1.000000e+00      7.746278e-09      5.333000e-01
     45      1.000000e+00      1.000000e+00      0.000000e+00      5.333000e-01
     46      9.999997e-01      1.000000e+00      3.991693e-08      5.333000e-01
     47      9.999997e-01      1.000000e+00      4.585831e-08      5.333000e-01
     48      1.000002e+00      1.000000e+00     -2.581812e-07      5.333000e-01
     49      1.000001e+00      1.000000e+00     -1.370210e-07      5.333000e-01
     50      1.000000e+00      1.000000e+00      1.482045e-16      5.333000e-01
     51      1.000000e+00      1.000000e+00      1.180801e-16      5.333000e-01
     52      1.000000e+00      1.000000e+00      1.160743e-16      5.333000e-01
     53      1.000000e+00      1.000000e+00      8.913824e-17      5.333000e-01
     54      1.000000e+00      1.000000e+00      3.428985e-17      5.333000e-01
     55      1.000000e+00      1.000000e+00      0.000000e+00      5.333000e-01
     56      1.000000e+00      1.000000e+00      0.000000e+00      5.333000e-01
     57      1.000000e+00      1.000000e+00      0.000000e+00      5.333000e-01
     58      1.000000e+00      1.000000e+00      0.000000e+00      5.333000e-01
     59      1.000000e+00      1.000000e+00      0.000000e+00      5.333000e-01
     60      1.000000e+00      1.000000e+00      0.000000e+00      5.333000e-01
     61      1.000000e+00      1.000000e+00      0.000000e+00      5.333000e-01
     62      1.000000e+00      1.000000e+00      0.000000e+00      5.333000e-01
     63      1.000000e+00      1.000000e+00      0.000000e+00      5.333000e-01
     64      1.000000e+00      1.000000e+00      0.000000e+00      5.333000e-01
     65      1.000000e+00      1.000000e+00      0.000000e+00      5.333000e-01
     66      1.000000e+00      1.000000e+00      0.000000e+00      5.333000e-01
     67      1.000000e+00      1.000000e+00      0.000000e+00      5.333000e-01
     68      1.000000e+00      1.000000e+00      0.000000e+00      5.333000e-01
     69      1.000000e+00      1.000000e+00      0.000000e+00      5.333000e-01
     70      5.186084e+00      2.766330e-01     -2.615180e-02      4.008282e-01
     71      4.997998e+00      2.530285e-01      3.491918e-02      3.971925e-01
     72      5.253780e+00      1.930509e-01      9.939371e-02      3.951667e-01
     73      4.346185e+00      1.291461e-01      3.264735e-02      3.899934e-01
     74      4.601507e+00      9.507143e-02      1.038847e-01      3.893760e-01
     75      5.064716e+00      8.510372e-02      1.945049e-01      3.963454e-01
     76      5.741411e+00      1.459383e-01      1.168856e-01      3.967841e-01
     77      4.315069e+00     -5.142650e-03      7.331574e-02      3.862770e-01
     78      4.675774e+00      3.092002e-02      1.465829e-01      3.894771e-01
     79      4.904373e+00      6.543744e-02      2.278856e-01      3.980240e-01
     80      4.832414e+00      8.630360e-02      2.235070e-01      3.979238e-01
     81      4.750120e+00      1.151341e-01      2.157040e-01      3.992787e-01
     82      4.603854e+00      1.610531e-01      2.399877e-01      4.018933e-01
     83      4.379345e+00      1.905099e-01      2.273983e-01      4.051702e-01
     84      4.057880e+00      2.439970e-01      2.404620e-01      4.096932e-01
     85      3.672810e+00      2.943929e-01      2.596351e-01      4.160742e-01
     86      3.129795e+00      3.641479e-01      2.723474e-01      4.208518e-01
     87      2.817094e+00      4.068287e-01      2.615484e-01      4.220800e-01
     88      2.666472e+00      4.476685e-01      2.540310e-01      4.297344e-01
     89      2.526789e+00      4.850974e-01      2.469917e-01      4.340447e-01
     90      4.643951e+00      1.691999e-02      7.990828e-02      3.910137e-01
     91      4.820833e+00      3.927220e-02      1.518994e-01      3.921646e-01
     92      4.752561e+00      6.823360e-02      1.377009e-01      3.958595e-01
     93      4.673581e+00      1.219229e-01      1.574179e-01      4.008504e-01
     94      4.630790e+00      1.409164e-01      1.983187e-01      4.016044e-01
     95      4.579103e+00      1.731120e-01      1.927830e-01      4.064161e-01
     96      4.356126e+00      2.232433e-01      2.199657e-01      4.105817e-01
     97      4.041064e+00      2.807582e-01      2.453194e-01      4.156885e-01
     98      3.546262e+00      3.327904e-01      2.667760e-01      4.217012e-01
     99      3.098816e+00      3.890050e-01      2.696708e-01      4.263516e-01
    100      3.216678e+00      4.159820e-01      2.739398e-01      4.302283e-01
    101      2.913527e+00      4.689523e-01      2.718672e-01      4.360439e-01
    102      4.403503e+00      4.080367e-02      7.650794e-02      3.950796e-01
    103      4.786258e+00      1.530901e-01      1.479408e-01      4.042186e-01
    104      4.806890e+00      2.045605e-01      2.021339e-01      4.084001e-01
    105      1.000000e+00      1.000000e+00     -9.738754e-17      5.333000e-01
    106      1.000000e+00      1.000000e+00     -1.152712e-16      5.333000e-01
    107      1.495846e+00      7.959526e-01     -9.180008e-02      4.779921e-01
    108      3.881456e+00      3.951176e-01     -9.117021e-02      4.115446e-01
    109      4.356099e+00      1.944889e-01     -6.405883e-02      3.964457e-01
    110      3.970228e+00     -1.469811e-02      1.150181e-02      3.886710e-01
    111      4.414488e+00      1.372616e-01      1.311994e-01      4.047868e-01
    112      4.867099e+00      2.375988e-01      2.002119e-01      4.101177e-01
    113      5.098669e+00      3.074228e-01      2.621895e-01      4.156092e-01
    114      5.263848e+00      2.843634e-01      2.718061e-01      4.160491e-01
    115      5.248815e+00      2.978290e-01      2.868441e-01      4.177397e-01
    116      4.733734e+00      2.417087e-01      2.320800e-01      4.117264e-01
    117      4.568985e+00      2.823969e-01      2.523862e-01      4.154027e-01
    118      4.289937e+00      3.205589e-01      2.709852e-01      4.190574e-01
    119      3.899013e+00      3.408518e-01      2.765932e-01      4.219446e-01
    120      3.556370e+00      3.731935e-01      2.802389e-01      4.262997e-01
    121      3.961294e+00      4.328439e-01      3.155785e-01      4.325053e-01
    122      3.489907e+00      4.503628e-01      2.983506e-01      4.343245e-01
    123      3.295696e+00      4.857043e-01      2.978100e-01      4.389891e-01
    124      2.837537e+00      5.052011e-01      2.725537e-01      4.403248e-01
    125      1.000000e+00      1.000000e+00     -9.851627e-17      5.333000e-01
    126      1.000000e+00      1.000000e+00     -1.650641e-16      5.333000e-01
    127      1.000000e+00      1.000000e+00     -1.362391e-16      5.333000e-01
    128      1.693007e+00      6.831823e-01     -9.529752e-02      4.623100e-01
    129      3.138036e+00      3.946568e-01     -1.423848e-01      4.139149e-01
    130      3.447333e+00      1.791477e-01     -6.795557e-02      4.026039e-01
    131      3.785090e+00      1.745609e-01      1.154867e-01      4.115240e-01
    132      3.957054e+00      3.697215e-01      2.295675e-01      4.207620e-01
    133      3.689240e+00      4.220516e-01      2.372772e-01      4.251709e-01
    134      2.816628e+00      5.360253e-01      2.357341e-01      4.427195e-01
    135      4.442803e+00      4.042990e-01      2.961811e-01      4.248673e-01
    136      5.436474e+00      3.416605e-01      3.178334e-01      4.207144e-01
    137      5.528342e+00      3.350998e-01      3.177627e-01      4.216242e-01
    138      5.137338e+00      3.199159e-01      2.947038e-01      4.198930e-01
    139      4.807880e+00      3.473124e-01      3.046888e-01      4.231311e-01
    140      4.338851e+00      3.734595e-01      3.068090e-01      4.258416e-01
    141      4.000672e+00      3.917481e-01      3.020981e-01      4.277517e-01
    142      3.730830e+00      4.118015e-01      2.962220e-01      4.300593e-01
    143      4.303563e+00      4.058240e-01      3.211418e-01      4.299231e-01
    144      3.998011e+00      4.322620e-01      3.176618e-01      4.330446e-01
    145      3.713592e+00      4.594788e-01      3.136641e-01      4.361228e-01
    146      3.655810e+00      4.678287e-01      3.101900e-01      4.375883e-01
    147      3.222469e+00      5.058411e-01      2.953050e-01      4.418335e-01
    148      2.876498e+00      5.241728e-01      2.751959e-01      4.427460e-01
    149      2.576653e+00      5.046194e-01      2.516817e-01      4.373364e-01
    150      1.893846e+00      5.219248e-01      3.792685e-02      4.579722e-01
    151      2.245596e+00      5.991058e-01      1.921094e-01      4.538679e-01
    152      1.631905e+00      7.491638e-01      1.221250e-01      4.718680e-01
    153      1.386622e+00      8.813013e-01      1.026447e-01      5.011397e-01
    154      1.000000e+00      1.000000e+00     -7.324902e-17      5.333000e-01
    155      1.571653e+00      7.629906e-01      1.311961e-01      4.790760e-01
    156      3.015324e+00      4.969530e-01      2.529843e-01      4.368797e-01
    157      4.869842e+00      3.452823e-01      2.837909e-01      4.176801e-01
    158      5.272023e+00      3.126611e-01      2.946370e-01      4.187970e-01
    159      5.162243e+00      3.468105e-01      3.178023e-01      4.232460e-01
    160      4.711940e+00      3.795569e-01      3.268462e-01      4.278615e-01
    161      4.516432e+00      3.788826e-01      3.194411e-01      4.273011e-01
    162      4.297453e+00      3.977470e-01      3.154968e-01      4.289900e-01
    163      3.997654e+00      4.298628e-01      3.127957e-01      4.327620e-01
    164      3.735701e+00      4.578080e-01      3.104837e-01      4.365638e-01
    165      3.457403e+00      4.880632e-01      3.057668e-01      4.405308e-01
    166      3.150645e+00      5.180223e-01      2.942869e-01      4.436504e-01
    167      4.001761e+00      4.441687e-01      3.196636e-01      4.355074e-01
    168      3.695230e+00      4.746723e-01      3.161335e-01      4.393145e-01
    169      3.444871e+00      4.996821e-01      3.095234e-01      4.421158e-01
    170      3.228501e+00      5.234264e-01      3.024927e-01      4.448243e-01
    171      2.975277e+00      5.386048e-01      2.878412e-01      4.460190e-01
    172      2.889154e+00      5.350490e-01      2.782418e-01      4.444457e-01
    173      2.665724e+00      5.264451e-01      2.590900e-01      4.413117e-01
    174      4.358361e+00      4.044377e-01      3.179535e-01      4.303887e-01
    175      4.596397e+00      4.595042e-01      3.530335e-01      4.390938e-01
    176      4.250731e+00      4.894872e-01      3.483852e-01      4.429268e-01
    177      3.938916e+00      5.146310e-01      3.398292e-01      4.455820e-01
    178      3.695455e+00      5.348339e-01      3.314875e-01      4.477227e-01
    179      3.487895e+00      5.532513e-01      3.237163e-01      4.499034e-01
    180      3.148964e+00      5.554480e-01      3.044643e-01      4.492693e-01
    181      1.000000e+00      1.000000e+00      1.517143e-16      5.333000e-01
    182      2.201983e+00      5.821882e-01      1.746660e-01      4.457670e-01
    183      4.307918e+00      3.518290e-01      2.536722e-01      4.162833e-01
    184      4.920827e+00      3.197671e-01      2.924069e-01      4.194957e-01
    185      4.709328e+00      3.538125e-01      3.124338e-01      4.241755e-01
    186      4.517314e+00      3.685709e-01      3.092102e-01      4.254536e-01
    187      4.625561e+00      3.826296e-01      3.164512e-01      4.270875e-01
    188      4.550585e+00      4.577459e-01      3.394637e-01      4.358110e-01
    189      3.567246e+00      5.611245e-01      3.230843e-01      4.483757e-01
    190      4.407527e+00      5.296378e-01      3.598505e-01      4.464709e-01
    191      4.532907e+00      5.307989e-01      3.707028e-01      4.490921e-01
    192      4.270403e+00      5.513499e-01      3.630709e-01      4.520500e-01
    193      4.003563e+00      5.736019e-01      3.534535e-01      4.547574e-01
    194      3.612235e+00      5.788547e-01      3.345684e-01      4.541423e-01
    195      3.418305e+00      5.880807e-01      3.245047e-01      4.547455e-01
    196      2.877493e+00      5.530012e-01      2.846785e-01      4.478234e-01
    197      1.950243e+00      6.590204e-01      1.600605e-01      4.550621e-01
    198      4.047519e+00      3.965236e-01      2.671347e-01      4.200712e-01
    199      4.698421e+00      3.500753e-01      3.026547e-01      4.223818e-01
    200      3.744383e+00      4.761000e-01      2.893698e-01      4.330090e-01
    201      2.390331e+00      6.671506e-01      2.468478e-01      4.620811e-01
    202      1.255370e+00      9.110502e-01      7.328815e-02      5.068602e-01
    203      2.054896e+00      7.297683e-01      2.209319e-01      4.738764e-01
    204      3.120753e+00      6.234685e-01      3.121519e-01      4.591911e-01
    205      4.034595e+00      5.912424e-01      3.518590e-01      4.552858e-01
    206      4.375373e+00      5.853745e-01      3.696828e-01      4.570871e-01
    207      4.306447e+00      5.954773e-01      3.709045e-01      4.601360e-01
    208      3.964755e+00      5.928893e-01      3.546485e-01      4.581064e-01
    209      3.727036e+00      5.954244e-01      3.421332e-01      4.571906e-01
    210      3.663298e+00      6.033047e-01      3.397477e-01      4.583527e-01
    211      3.912970e+00      6.054167e-01      3.533448e-01      4.602129e-01
    212      4.211929e+00      6.094471e-01      3.676816e-01      4.625030e-01
    213      4.189399e+00      6.339827e-01      3.642453e-01      4.647749e-01
    214      3.021444e+00      7.134720e-01      3.063991e-01      4.750495e-01
    215      1.195750e+00      9.513727e-01      5.720479e-02      5.179266e-01
    216      1.000000e+00      1.000000e+00     -7.434304e-09      5.333000e-01
    217      1.000000e+00      1.000000e+00     -1.340399e-08      5.333000e-01
    218      1.000000e+00      1.000000e+00     -2.079883e-08      5.333000e-01
    219      1.000000e+00      1.000000e+00     -2.724702e-08      5.333000e-01
    220      2.220624e+00      7.711281e-01      2.423403e-01      4.830342e-01
    221      1.000000e+00      1.000000e+00     -1.718105e-09      5.333000e-01
    222      1.000000e+00      1.000000e+00     -3.288441e-09      5.333000e-01
    223      1.000000e+00      1.000000e+00     -8.969591e-09      5.333000e-01
    224      1.000000e+00      1.000000e+00     -2.038494e-08      5.333000e-01
    225      1.421863e+00      8.824215e-01      1.196788e-01      5.034297e-01
    226      1.000000e+00      1.000000e+00     -1.729319e-10      5.333000e-01
    227      1.000000e+00      1.000000e+00     -3.104739e-10      5.333000e-01
    228      1.000000e+00      1.000000e+00     -3.754634e-09      5.333000e-01
    229      1.000000e+00      1.000000e+00     -1.113996e-08      5.333000e-01
    230      1.000000e+00      1.000000e+00     -3.513591e-08      5.333000e-01
    231      1.000000e+00      1.000000e+00     -3.543231e-08      5.333000e-01
    232      1.000000e+00      1.000000e+00     -4.161255e-08      5.333000e-01
    233      9.999999e-01      1.000000e+00      1.646373e-08      5.333000e-01
    234      1.098277e+00      9.697660e-01      2.887173e-02      5.225938e-01
    235      1.717738e+00      8.068722e-01      1.770783e-01      4.889149e-01
    236      2.679420e+00      6.959647e-01      2.880014e-01      4.713786e-01
    237      3.591774e+00      6.512017e-01      3.371878e-01      4.650025e-01
    238      1.000000e+00      1.000000e+00      4.840374e-17      5.333000e-01
    239      1.000000e+00      1.000000e+00      6.793703e-17      5.333000e-01
    240      1.000000e+00      1.000000e+00      6.848850e-17      5.333000e-01
    241      1.000000e+00      1.000000e+00     -1.236725e-16      5.333000e-01
    242      1.000000e+00      1.000000e+00     -4.750497e-09      5.333000e-01
    243      1.000000e+00      1.000000e+00     -3.401735e-08      5.333000e-01
    244      1.000000e+00      1.000000e+00      6.137943e-17      5.333000e-01
    245      1.000000e+00      1.000000e+00      6.174880e-17      5.333000e-01
    246      1.000000e+00      1.000000e+00      7.011361e-17      5.333000e-01
    247      1.000000e+00      1.000000e+00     -6.579710e-17      5.333000e-01
    248      1.000000e+00      1.000000e+00     -1.920505e-16      5.333000e-01
    249      1.827446e+00      7.166591e-01      1.610765e-01      4.648173e-01
    250      1.353564e+00      8.834766e-01      9.789847e-02      5.019652e-01
    251      1.000000e+00      1.000000e+00     -1.101890e-16      5.333000e-01
    252      1.000000e+00      1.000000e+00     -3.358052e-18      5.333000e-01
    253      1.000000e+00      1.000000e+00      2.543858e-17      5.333000e-01
    254      1.000000e+00      1.000000e+00     -9.093516e-18      5.333000e-01
    255      1.000000e+00      1.000000e+00     -3.023867e-17      5.333000e-01
    256      1.000000e+00      1.000000e+00      4.669127e-17      5.333000e-01
    257      1.000000e+00      1.000000e+00     -2.759538e-17      5.333000e-01
    258      1.000000e+00      1.000000e+00     -1.733811e-16      5.333000e-01
    259      1.000000e+00      1.000000e+00      4.678340e-17      5.333000e-01
    260      1.000000e+00      1.000000e+00     -7.609001e-17      5.333000e-01
    261      1.000000e+00      1.000000e+00     -8.647242e-17      5.333000e-01
    262      1.000000e+00      1.000000e+00      5.590962e-18      5.333000e-01
    263      1.000000e+00      1.000000e+00     -4.984458e-17      5.333000e-01
    264      1.000000e+00      1.000000e+00      5.394674e-17      5.333000e-01
    265      1.000000e+00      1.000000e+00     -4.977670e-17      5.333000e-01
    266      1.000000e+00      1.000000e+00      3.065535e-17      5.333000e-01
    267      1.000000e+00      1.000000e+00      5.772105e-17      5.333000e-01
    268      1.000000e+00      1.000000e+00     -4.498210e-17      5.333000e-01
    269      1.000000e+00      1.000000e+00     -1.011787e-16      5.333000e-01
    270      1.000000e+00      1.000000e+00     -2.303358e-17      5.333000e-01
    271      1.000000e+00      1.000000e+00      9.784812e-17      5.333000e-01
    272      1.000000e+00      1.000000e+00      1.033748e-16      5.333000e-01
    273      1.000000e+00      1.000000e+00      7.619716e-17      5.333000e-01
    274      1.000000e+00      1.000000e+00      4.707973e-17      5.333000e-01
    275      1.000000e+00      1.000000e+00      2.514598e-17      5.333000e-01
    276      1.000000e+00      1.000000e+00     -3.489111e-17      5.333000e-01
    277      1.000000e+00      1.000000e+00     -5.168335e-17      5.333000e-01
    278      1.000000e+00      1.000000e+00     -5.517190e-17      5.333000e-01
    279      1.000000e+00      1.000000e+00      6.766391e-18      5.333000e-01
    280      1.000000e+00      1.000000e+00      7.032917e-17      5.333000e-01
    281      1.000000e+00      1.000000e+00      5.439452e-17      5.333000e-01
    282      1.000000e+00      1.000000e+00      2.749189e-18      5.333000e-01
    283      1.000000e+00      1.000000e+00      5.588124e-17      5.333000e-01
    284      1.000000e+00      1.000000e+00      4.969779e-17      5.333000e-01
    285      1.000000e+00      1.000000e+00      4.567146e-17      5.333000e-01
    286      1.000000e+00      1.000000e+00      5.402388e-17      5.333000e-01
    287      1.000000e+00      1.000000e+00      3.423107e-19      5.333000e-01
    288      1.000000e+00      1.000000e+00     -7.665218e-17      5.333000e-01
    289      1.000000e+00      1.000000e+00     -8.361471e-17      5.333000e-01
    290      1.000000e+00      1.000000e+00     -6.714803e-17      5.333000e-01
    291      1.000000e+00      1.000000e+00     -3.756939e-17      5.333000e-01
    292      1.000000e+00      1.000000e+00     -9.638780e-18      5.333000e-01
    293      1.000000e+00      1.000000e+00      4.749803e-17      5.333000e-01
    294      1.000000e+00      1.000000e+00      3.901485e-18      5.333000e-01
    295      1.000000e+00      1.000000e+00      3.311918e-17      5.333000e-01
    296      1.000000e+00      1.000000e+00      4.700616e-17      5.333000e-01
    297      1.000000e+00      1.000000e+00      1.534723e-17      5.333000e-01
    298      1.000000e+00      1.000000e+00     -4.377817e-17      5.333000e-01
    299      1.000000e+00      1.000000e+00     -5.372744e-17      5.333000e-01
    300      1.000000e+00      1.000000e+00     -6.817837e-17      5.333000e-01
    301      1.000000e+00      1.000000e+00     -5.251476e-18      5.333000e-01
    302      1.000000e+00      1.000000e+00     -6.173681e-17      5.333000e-01
    303      1.000000e+00      1.000000e+00     -1.630576e-17      5.333000e-01
    304      1.000000e+00      1.000000e+00     -8.769081e-18      5.333000e-01
    305      1.000000e+00      1.000000e+00      2.549720e-18      5.333000e-01
    306      1.000000e+00      1.000000e+00      2.970571e-17      5.333000e-01
    307      1.000000e+00      1.000000e+00      9.107601e-18      5.333000e-01
    308      1.000000e+00      1.000000e+00      1.404436e-18      5.333000e-01
    309      1.000000e+00      1.000000e+00      3.711699e-17      5.333000e-01
    310      1.000000e+00      1.000000e+00      5.551029e-18      5.333000e-01
    311      1.000000e+00      1.000000e+00      2.825396e-17      5.333000e-01
    312      1.000000e+00      1.000000e+00      2.547999e-17      5.333000e-01
    313      2.105785e+00      5.474207e-01      2.186663e-01      4.410185e-01
    314      2.768848e+00      5.422791e-01      2.711374e-01      4.448247e-01
    315      1.000000e+00      1.000000e+00      8.565221e-18      5.333000e-01
    316      1.000000e+00      1.000000e+00     -2.329409e-17      5.333000e-01
    317      1.000000e+00      1.000000e+00      3.389273e-17      5.333000e-01
    318      1.000000e+00      1.000000e+00     -6.025646e-17      5.333000e-01
    319      1.000000e+00      1.000000e+00     -1.254430e-16      5.333000e-01
    320      1.000000e+00      1.000000e+00     -1.465299e-17      5.333000e-01
    321      1.000000e+00      1.000000e+00      3.580130e-17      5.333000e-01
    322      1.000000e+00      1.000000e+00      1.863489e-16      5.333000e-01
    323      1.000000e+00      1.000000e+00      1.981402e-16      5.333000e-01
    324      1.000000e+00      1.000000e+00     -3.572006e-18      5.333000e-01
    325      1.000000e+00      1.000000e+00     -1.708834e-17      5.333000e-01
    326      1.000000e+00      1.000000e+00     -1.469403e-17      5.333000e-01
    327      1.000000e+00      1.000000e+00     -3.465697e-17      5.333000e-01
    328      1.000000e+00      1.000000e+00      1.800027e-17      5.333000e-01
    329      1.000000e+00      1.000000e+00      2.223647e-17      5.333000e-01
    330      1.000000e+00      1.000000e+00     -5.274400e-18      5.333000e-01
    331      1.000000e+00      1.000000e+00     -6.127757e-17      5.333000e-01
    332      1.000000e+00      1.000000e+00      7.195793e-17      5.333000e-01
    333      1.000000e+00      1.000000e+00      1.234602e-16      5.333000e-01
    334      1.000000e+00      1.000000e+00      1.417794e-16      5.333000e-01
    335      1.000001e+00      1.000000e+00     -1.465434e-07      5.333000e-01
    336      1.000000e+00      1.000000e+00     -2.072468e-08      5.333000e-01
    337      1.000001e+00      1.000000e+00     -7.121612e-08      5.333000e-01
    338      1.000000e+00      1.000000e+00      1.082326e-16      5.333000e-01
    339      1.000000e+00      1.000000e+00      3.214458e-17      5.333000e-01
    340      1.000000e+00      1.000000e+00     -2.029499e-17      5.333000e-01
    341      1.000000e+00      1.000000e+00     -3.006640e-17      5.333000e-01
    342      1.000000e+00      1.000000e+00      1.201511e-17      5.333000e-01
    343      1.000000e+00      1.000000e+00      1.462248e-19      5.333000e-01
    344      1.000000e+00      1.000000e+00     -1.973320e-17      5.333000e-01
