 Nodal density, velocity and total energy solutions [  713]:

   Node        density        u-velocity        v-velocity         total energy
      1      1.000000e+00      1.000000e+00      0.000000e+00      5.333000e-01
      2      5.411798e+00     -6.584128e-05     -1.046328e-04      3.923756e-01
      3      1.000000e+00      1.000000e+00      2.330162e-17      5.333000e-01
      4      1.000000e+00      1.000000e+00      3.217366e-17      5.333000e-01
      5      1.000000e+00      1.000000e+00      2.225471e-17      5.333000e-01
      6      2.601704e+00      4.629273e-01      1.066295e-01      4.170948e-01
      7      4.962336e+00      1.980354e-01      1.088719e-01      3.920226e-01
      8      5.245469e+00      1.033739e-01      3.425258e-02      3.877087e-01
      9      5.375912e+00      5.784817e-02      1.280860e-02      3.890380e-01
     10      5.417456e+00      3.296285e-02      7.740730e-03      3.897775e-01
     11      5.428646e+00      1.647251e-02      5.540465e-03      3.900670e-01
     12      5.415701e+00      2.090688e-03      6.388319e-03      3.912980e-01
     13      5.397630e+00     -1.138789e-02      5.401511e-03      3.923966e-01
     14      5.394687e+00     -2.132095e-02      3.949801e-03      3.922318e-01
     15      5.393237e+00     -2.682471e-02      1.407469e-03      3.922173e-01
     16      5.394604e+00     -2.789594e-02     -6.378839e-04      3.922656e-01
     17      5.398976e+00     -2.556496e-02     -2.521689e-03      3.922986e-01
     18      5.405704e+00     -2.016510e-02     -4.332320e-03      3.923320e-01
     19      5.411597e+00     -1.018664e-02     -7.421206e-03      3.923795e-01
     20      5.447467e+00      6.963379e-03      5.224123e-03      3.932629e-01
     21      5.414198e+00     -5.697216e-03     -1.470302e-02      3.923773e-01
     22      5.422189e+00      2.646699e-04     -1.821844e-02      3.923751e-01
     23      5.393327e+00      4.787036e-02      1.057505e-01      3.985336e-01
     24      5.464221e+00      1.964610e-02      5.117876e-02      3.953470e-01
     25      4.886015e+00      1.135242e-01      1.930678e-01      4.039418e-01
     26      5.250446e+00      7.008350e-02      1.438926e-01      4.004699e-01
     27      5.126507e+00      7.886624e-02      1.666045e-01      4.012868e-01
     28      4.110070e+00      2.125911e-01      2.600772e-01      4.127532e-01
     29      4.679070e+00      1.453743e-01      2.048866e-01      4.042392e-01
     30      4.587796e+00      1.555409e-01      2.200502e-01      4.059625e-01
     31      4.446400e+00      1.692710e-01      2.380218e-01      4.079071e-01
     32      3.369849e+00      3.284542e-01      2.839167e-01      4.220257e-01
     33      3.887148e+00      2.523190e-01      2.519863e-01      4.106079e-01
     34      3.961646e+00      2.501955e-01      2.489520e-01      4.108480e-01
     35      3.906817e+00      2.651038e-01      2.608218e-01      4.131882e-01
     36      2.840066e+00      4.192144e-01      2.654814e-01      4.276201e-01
     37      2.826764e+00      4.097385e-01      2.861760e-01      4.277938e-01
     38      2.889056e+00      4.054372e-01      2.825807e-01      4.270204e-01
     39      2.991322e+00      3.969199e-01      2.763789e-01      4.254933e-01
     40      2.166730e+00      5.312102e-01      2.352459e-01      4.389180e-01
     41      2.346592e+00      5.012232e-01      2.492994e-01      4.362972e-01
     42      2.300700e+00      5.123848e-01      2.445504e-01      4.368660e-01
     43      1.640837e+00      6.198656e-01      1.719454e-01      4.492238e-01
     44      1.877393e+00      5.755298e-01      2.091182e-01      4.441485e-01
     45      1.755551e+00      5.975607e-01      1.911537e-01      4.464388e-01
     46      1.181620e+00      6.973675e-01      8.763986e-02      4.603942e-01
     47      1.338464e+00      6.707534e-01      1.207807e-01      4.562851e-01
     48      1.204108e+00      6.936769e-01      9.238160e-02      4.597877e-01
     49      1.097512e+00      9.844393e-01      1.670772e-02      5.274041e-01
     50      1.331240e+00      6.747314e-01      1.167191e-01      4.572291e-01
     51      1.715164e+00      6.291054e-01      1.713165e-01      4.519175e-01
     52      1.958642e+00      6.046829e-01      1.994529e-01      4.493972e-01
     53      2.132087e+00      5.888411e-01      2.181116e-01      4.478681e-01
     54      2.217293e+00      5.840909e-01      2.288012e-01      4.475000e-01
     55      2.289711e+00      5.806813e-01      2.389155e-01      4.484894e-01
     56      2.325433e+00      5.827308e-01      2.448496e-01      4.498754e-01
     57      2.436343e+00      5.753497e-01      2.550889e-01      4.496762e-01
     58      2.543369e+00      5.713945e-01      2.652718e-01      4.498914e-01
     59      2.618463e+00      5.695161e-01      2.714881e-01      4.497301e-01
     60      2.689437e+00      5.675354e-01      2.765857e-01      4.491658e-01
     61      2.763519e+00      5.662683e-01      2.813616e-01      4.483917e-01
     62      2.855595e+00      5.677308e-01      2.875948e-01      4.485240e-01
     63      2.976924e+00      5.730232e-01      2.966657e-01      4.506501e-01
     64      3.165727e+00      5.820411e-01      3.090772e-01      4.532960e-01
     65      3.368982e+00      5.925069e-01      3.197178e-01      4.546271e-01
     66      3.533324e+00      5.973052e-01      3.294183e-01      4.556073e-01
     67      3.671439e+00      6.002886e-01      3.388853e-01      4.567006e-01
     68      3.816033e+00      6.024692e-01      3.460886e-01      4.577910e-01
     69      3.958174e+00      6.050793e-01      3.540173e-01      4.603676e-01
     70      4.154273e+00      6.108781e-01      3.633541e-01      4.648026e-01
     71      3.954897e+00      6.449221e-01      3.533297e-01      4.651432e-01
     72      2.421176e+00      7.390315e-01      2.704697e-01      4.779211e-01
     73      1.330031e+00      9.142031e-01      9.691689e-02      5.124279e-01
     74      1.000000e+00      1.000000e+00      0.000000e+00      5.333000e-01
     75      1.043548e+00      9.920189e-01      9.519698e-03      5.302682e-01
     76      1.000000e+00      1.000000e+00     -1.030963e-16      5.333000e-01
     77      1.000000e+00      1.000000e+00     -1.409780e-17      5.333000e-01
     78      1.000000e+00      1.000000e+00      2.963346e-17      5.333000e-01
     79      1.000000e+00      1.000000e+00      0.000000e+00      5.333000e-01
     80      1.000000e+00      1.000000e+00      0.000000e+00      5.333000e-01
     81      1.000000e+00      1.000000e+00      0.000000e+00      5.333000e-01
     82      1.000000e+00      1.000000e+00      0.000000e+00      5.333000e-01
     83      1.000000e+00      1.000000e+00      0.000000e+00      5.333000e-01
     84      1.000000e+00      1.000000e+00      0.000000e+00      5.333000e-01
     85      1.000000e+00      1.000000e+00      0.000000e+00      5.333000e-01
     86      5.438823e+00      5.174733e-02      9.358035e-02      3.966599e-01
     87      5.279021e+00      7.799337e-02      1.406629e-01      3.992309e-01
     88      5.079125e+00      9.420678e-02      1.739589e-01      4.020982e-01
     89      4.787372e+00      1.369004e-01      2.020033e-01      4.038433e-01
     90      4.641661e+00      1.536117e-01      2.126846e-01      4.044713e-01
     91      4.521889e+00      1.659784e-01      2.284261e-01      4.058991e-01
     92      4.331610e+00      1.866482e-01      2.496596e-01      4.097417e-01
     93      4.044536e+00      2.337240e-01      2.604058e-01      4.118416e-01
     94      3.971267e+00      2.570230e-01      2.546978e-01      4.111317e-01
     95      3.993897e+00      2.584657e-01      2.548696e-01      4.118146e-01
     96      3.977696e+00      2.734739e-01      2.654692e-01      4.136982e-01
     97      3.752685e+00      2.969152e-01      2.768909e-01      4.176331e-01
     98      3.169221e+00      3.687003e-01      2.894874e-01      4.254656e-01
     99      2.883973e+00      4.144501e-01      2.870511e-01      4.285773e-01
    100      2.966396e+00      4.088589e-01      2.817858e-01      4.273048e-01
    101      3.085840e+00      3.994823e-01      2.741372e-01      4.254703e-01
    102      2.811025e+00      4.376887e-01      2.649188e-01      4.296502e-01
    103      2.457551e+00      4.954643e-01      2.563940e-01      4.360978e-01
    104      2.396290e+00      5.104262e-01      2.514314e-01      4.375633e-01
    105      5.005591e+00      1.337572e-01      1.976509e-01      4.030132e-01
    106      4.656346e+00      1.702430e-01      2.281936e-01      4.056682e-01
    107      5.346479e+00      1.099895e-01      1.584075e-01      3.994883e-01
    108      5.062521e+00      1.676055e-01      2.196133e-01      4.044407e-01
    109      4.732460e+00      1.943827e-01      2.442935e-01      4.075127e-01
    110      4.437553e+00      2.215202e-01      2.603508e-01      4.105452e-01
    111      4.379787e+00      1.986822e-01      2.502067e-01      4.086714e-01
    112      4.137771e+00      2.496707e-01      2.649642e-01      4.122757e-01
    113      4.051388e+00      2.688279e-01      2.634512e-01      4.126836e-01
    114      4.063030e+00      2.815520e-01      2.721206e-01      4.143454e-01
    115      3.931183e+00      2.969502e-01      2.761955e-01      4.163962e-01
    116      3.643869e+00      3.297581e-01      2.855151e-01      4.203328e-01
    117      3.202820e+00      3.841830e-01      2.908570e-01      4.256828e-01
    118      2.978083e+00      4.212798e-01      2.874640e-01      4.286227e-01
    119      3.074320e+00      4.151827e-01      2.803555e-01      4.270754e-01
    120      3.179728e+00      4.078033e-01      2.746865e-01      4.258348e-01
    121      2.958619e+00      4.361065e-01      2.737573e-01      4.296904e-01
    122      2.686910e+00      4.771695e-01      2.699303e-01      4.349720e-01
    123      5.488216e+00      6.926823e-02      9.002424e-02      3.951666e-01
    124      4.731637e+00      2.192704e-01      2.519139e-01      4.078579e-01
    125      4.459014e+00      2.411806e-01      2.630047e-01      4.109723e-01
    126      4.191317e+00      2.662732e-01      2.687959e-01      4.131961e-01
    127      4.105538e+00      2.842014e-01      2.738754e-01      4.137881e-01
    128      4.041482e+00      2.946013e-01      2.750586e-01      4.149657e-01
    129      3.835543e+00      3.187406e-01      2.811571e-01      4.177933e-01
    130      3.599544e+00      3.447444e-01      2.876818e-01      4.203925e-01
    131      3.294361e+00      3.843062e-01      2.878365e-01      4.240596e-01
    132      3.080819e+00      4.205129e-01      2.844200e-01      4.275919e-01
    133      3.153188e+00      4.186474e-01      2.775563e-01      4.271081e-01
    134      3.197959e+00      4.145824e-01      2.779521e-01      4.268043e-01
    135      3.057714e+00      4.314610e-01      2.794715e-01      4.292430e-01
    136      2.897896e+00      4.554760e-01      2.762243e-01      4.322818e-01
    137      2.668748e+00      4.858504e-01      2.658058e-01      4.356962e-01
    138      2.469651e+00      5.139439e-01      2.531218e-01      4.384935e-01
    139      2.172643e+00      5.409025e-01      2.341069e-01      4.408140e-01
    140      1.963472e+00      5.745494e-01      2.136400e-01      4.447667e-01
    141      1.861968e+00      5.943340e-01      1.995430e-01      4.471569e-01
    142      1.600454e+00      6.349528e-01      1.605162e-01      4.518657e-01
    143      4.220745e+00      2.731333e-01      2.700344e-01      4.127170e-01
    144      4.119669e+00      2.899501e-01      2.735800e-01      4.137921e-01
    145      3.950287e+00      3.120777e-01      2.777586e-01      4.161132e-01
    146      3.695207e+00      3.396856e-01      2.842782e-01      4.189024e-01
    147      3.388613e+00      3.820881e-01      2.848581e-01      4.235076e-01
    148      3.175460e+00      4.197141e-01      2.793739e-01      4.276629e-01
    149      3.167939e+00      4.219189e-01      2.792318e-01      4.280171e-01
    150      3.187282e+00      4.176283e-01      2.804724e-01      4.270777e-01
    151      3.124432e+00      4.264822e-01      2.790984e-01      4.279646e-01
    152      2.962142e+00      4.505323e-01      2.742772e-01      4.306911e-01
    153      2.708217e+00      4.854709e-01      2.630823e-01      4.344926e-01
    154      2.525394e+00      5.130705e-01      2.524781e-01      4.374091e-01
    155      2.304996e+00      5.383844e-01      2.404755e-01      4.412073e-01
    156      2.145656e+00      5.643695e-01      2.255498e-01      4.443053e-01
    157      4.338932e+00      2.688879e-01      2.690638e-01      4.124266e-01
    158      4.044412e+00      3.094369e-01      2.765417e-01      4.161450e-01
    159      3.780062e+00      3.386677e-01      2.822571e-01      4.190827e-01
    160      3.452054e+00      3.853335e-01      2.796927e-01      4.242091e-01
    161      3.199682e+00      4.199503e-01      2.779310e-01      4.276425e-01
    162      3.160094e+00      4.208253e-01      2.815978e-01      4.273585e-01
    163      3.193473e+00      4.178883e-01      2.794817e-01      4.263680e-01
    164      3.168442e+00      4.245629e-01      2.782684e-01      4.270559e-01
    165      3.105958e+00      4.389830e-01      2.770136e-01      4.292837e-01
    166      2.942069e+00      4.593883e-01      2.713885e-01      4.314629e-01
    167      2.733462e+00      4.866248e-01      2.621810e-01      4.341436e-01
    168      2.406414e+00      5.319260e-01      2.429841e-01      4.395932e-01
    169      3.376762e+00      3.956547e-01      2.806972e-01      4.253292e-01
    170      3.262614e+00      4.090443e-01      2.840160e-01      4.264065e-01
    171      3.249404e+00      4.161746e-01      2.813645e-01      4.264775e-01
    172      3.228116e+00      4.260428e-01      2.804964e-01      4.278263e-01
    173      3.184328e+00      4.381617e-01      2.794133e-01      4.299380e-01
    174      3.075266e+00      4.514376e-01      2.761916e-01      4.315918e-01
    175      2.890975e+00      4.738541e-01      2.699466e-01      4.341748e-01
    176      2.639864e+00      5.052465e-01      2.563608e-01      4.368048e-01
    177      2.475562e+00      5.313451e-01      2.446802e-01      4.399704e-01
    178      2.271661e+00      5.548392e-01      2.311953e-01      4.426720e-01
    179      2.050655e+00      5.821945e-01      2.137955e-01      4.465796e-01
    180      3.785128e+00      3.468749e-01      2.785904e-01      4.201974e-01
    181      3.625590e+00      3.672070e-01      2.814638e-01      4.223561e-01
    182      3.438814e+00      3.940307e-01      2.857062e-01      4.250429e-01
    183      3.349158e+00      4.148097e-01      2.846968e-01      4.272696e-01
    184      3.282984e+00      4.309576e-01      2.831322e-01      4.296913e-01
    185      3.185688e+00      4.460067e-01      2.806307e-01      4.316957e-01
    186      3.048844e+00      4.633215e-01      2.765866e-01      4.338673e-01
    187      2.869995e+00      4.858238e-01      2.681414e-01      4.362119e-01
    188      2.677001e+00      5.115309e-01      2.568527e-01      4.387230e-01
    189      2.524380e+00      5.339748e-01      2.473828e-01      4.414418e-01
    190      2.367875e+00      5.515817e-01      2.362272e-01      4.430120e-01
    191      2.165828e+00      5.736380e-01      2.206278e-01      4.453569e-01
    192      2.017420e+00      5.904946e-01      2.073364e-01      4.475026e-01
    193      1.850763e+00      6.029561e-01      1.932680e-01      4.483274e-01
    194      1.894924e+00      6.059935e-01      1.934383e-01      4.491372e-01
    195      3.819993e+00      3.512017e-01      2.814551e-01      4.206056e-01
    196      3.596745e+00      3.873595e-01      2.869978e-01      4.247209e-01
    197      3.416648e+00      4.188660e-01      2.865701e-01      4.286932e-01
    198      3.297871e+00      4.371261e-01      2.844045e-01      4.308784e-01
    199      3.173384e+00      4.541364e-01      2.808639e-01      4.328314e-01
    200      3.031185e+00      4.730588e-01      2.748276e-01      4.350269e-01
    201      2.868344e+00      4.939959e-01      2.670058e-01      4.372597e-01
    202      2.675909e+00      5.190085e-01      2.568377e-01      4.399670e-01
    203      2.522092e+00      5.390627e-01      2.468764e-01      4.418407e-01
    204      2.384907e+00      5.574181e-01      2.379962e-01      4.439639e-01
    205      2.216867e+00      5.751070e-01      2.245373e-01      4.460873e-01
    206      2.065797e+00      5.903344e-01      2.105838e-01      4.476003e-01
    207      4.008909e+00      3.433249e-01      2.831572e-01      4.201324e-01
    208      3.659361e+00      3.926147e-01      2.878808e-01      4.257205e-01
    209      3.423863e+00      4.247922e-01      2.871706e-01      4.293174e-01
    210      3.286245e+00      4.438640e-01      2.839374e-01      4.314009e-01
    211      3.153401e+00      4.623417e-01      2.784431e-01      4.334611e-01
    212      2.999942e+00      4.821436e-01      2.722309e-01      4.357204e-01
    213      2.831868e+00      5.031015e-01      2.651285e-01      4.381088e-01
    214      2.659936e+00      5.244429e-01      2.561654e-01      4.402932e-01
    215      2.551135e+00      5.402439e-01      2.508773e-01      4.421319e-01
    216      2.392555e+00      5.607539e-01      2.410969e-01      4.445108e-01
    217      2.249497e+00      5.774468e-01      2.294788e-01      4.465475e-01
    218      3.627016e+00      4.046993e-01      2.914953e-01      4.276869e-01
    219      3.406063e+00      4.339235e-01      2.877636e-01      4.305598e-01
    220      3.265800e+00      4.542235e-01      2.822712e-01      4.328243e-01
    221      3.110502e+00      4.741345e-01      2.765397e-01      4.350309e-01
    222      2.936008e+00      4.949550e-01      2.703634e-01      4.373917e-01
    223      2.743399e+00      5.177391e-01      2.621200e-01      4.399742e-01
    224      2.646833e+00      5.353030e-01      2.603791e-01      4.430269e-01
    225      2.477777e+00      5.549761e-01      2.504718e-01      4.451251e-01
    226      2.313053e+00      5.743250e-01      2.380763e-01      4.469151e-01
    227      4.248636e+00      2.902247e-01      2.722182e-01      4.148108e-01
    228      3.982525e+00      3.255536e-01      2.758521e-01      4.178468e-01
    229      4.161509e+00      3.119554e-01      2.755198e-01      4.169190e-01
    230      4.344809e+00      3.018695e-01      2.749151e-01      4.158283e-01
    231      4.298381e+00      3.219729e-01      2.807829e-01      4.180222e-01
    232      3.980360e+00      3.616295e-01      2.887362e-01      4.228914e-01
    233      3.919576e+00      3.802968e-01      2.960124e-01      4.261513e-01
    234      3.583379e+00      4.217363e-01      2.949709e-01      4.308888e-01
    235      3.391226e+00      4.490395e-01      2.881204e-01      4.335514e-01
    236      3.225461e+00      4.708797e-01      2.827075e-01      4.359950e-01
    237      3.037195e+00      4.921716e-01      2.770172e-01      4.383261e-01
    238      2.837527e+00      5.139148e-01      2.696268e-01      4.407174e-01
    239      2.736986e+00      5.345623e-01      2.697567e-01      4.444713e-01
    240      2.569105e+00      5.525147e-01      2.605882e-01      4.464016e-01
    241      2.400456e+00      5.714509e-01      2.493947e-01      4.483275e-01
    242      2.531794e+00      5.655540e-01      2.623952e-01      4.488402e-01
    243      2.615259e+00      5.642248e-01      2.704217e-01      4.491916e-01
    244      2.686778e+00      5.627388e-01      2.761212e-01      4.489563e-01
    245      2.752578e+00      5.612863e-01      2.806591e-01      4.483632e-01
    246      2.829078e+00      5.600794e-01      2.855557e-01      4.476523e-01
    247      2.933700e+00      5.612266e-01      2.927423e-01      4.480552e-01
    248      3.068167e+00      5.658743e-01      3.026183e-01      4.503146e-01
    249      3.240114e+00      5.713027e-01      3.137696e-01      4.523296e-01
    250      3.331722e+00      5.854777e-01      3.182360e-01      4.538949e-01
    251      3.497843e+00      5.905700e-01      3.265318e-01      4.545802e-01
    252      3.647940e+00      5.948142e-01      3.358052e-01      4.555644e-01
    253      3.755609e+00      5.983172e-01      3.431071e-01      4.567114e-01
    254      3.889924e+00      5.986589e-01      3.498881e-01      4.574740e-01
    255      4.041461e+00      6.000336e-01      3.592301e-01      4.606303e-01
    256      4.063855e+00      6.222900e-01      3.576555e-01      4.644567e-01
    257      2.474673e+00      7.381551e-01      2.705607e-01      4.784486e-01
    258      1.000000e+00      1.000000e+00     -1.457434e-16      5.333000e-01
    259      1.279785e+00      9.136029e-01      9.001825e-02      5.126656e-01
    260      4.425177e+00      2.776843e-01      2.672878e-01      4.137609e-01
    261      4.588743e+00      2.711166e-01      2.636538e-01      4.125644e-01
    262      4.532824e+00      2.915695e-01      2.720159e-01      4.143651e-01
    263      4.505997e+00      3.077192e-01      2.764742e-01      4.163375e-01
    264      4.259624e+00      3.391117e-01      2.866350e-01      4.206274e-01
    265      4.258645e+00      3.510124e-01      2.939550e-01      4.231207e-01
    266      4.038307e+00      3.842306e-01      3.041007e-01      4.281278e-01
    267      3.787211e+00      4.146229e-01      3.030912e-01      4.316131e-01
    268      3.571937e+00      4.439406e-01      2.970133e-01      4.346723e-01
    269      3.369004e+00      4.696717e-01      2.911342e-01      4.373103e-01
    270      3.151168e+00      4.947639e-01      2.870937e-01      4.402349e-01
    271      2.926292e+00      5.150892e-01      2.784539e-01      4.423560e-01
    272      2.808421e+00      5.364684e-01      2.782582e-01      4.455944e-01
    273      2.658844e+00      5.518129e-01      2.703164e-01      4.474132e-01
    274      2.729325e+00      5.516771e-01      2.772928e-01      4.476647e-01
    275      2.783333e+00      5.520082e-01      2.816710e-01      4.475110e-01
    276      2.845162e+00      5.505951e-01      2.860457e-01      4.470803e-01
    277      2.936471e+00      5.471019e-01      2.917561e-01      4.462196e-01
    278      3.057243e+00      5.465029e-01      2.996743e-01      4.463737e-01
    279      3.195933e+00      5.507473e-01      3.096524e-01      4.485983e-01
    280      5.476532e+00      2.798201e-02      3.752528e-02      3.940124e-01
    281      5.489829e+00      4.677448e-02      4.118480e-02      3.934213e-01
    282      5.520720e+00      8.445550e-02      8.501071e-02      3.949396e-01
    283      5.496732e+00      1.070746e-01      1.302692e-01      3.973334e-01
    284      5.440046e+00      1.344667e-01      1.698090e-01      3.996233e-01
    285      5.313991e+00      1.544466e-01      1.976926e-01      4.009826e-01
    286      5.090478e+00      1.860675e-01      2.282273e-01      4.035796e-01
    287      4.840569e+00      2.193120e-01      2.449626e-01      4.071293e-01
    288      4.546498e+00      2.530709e-01      2.618386e-01      4.110989e-01
    289      4.676740e+00      2.464641e-01      2.533363e-01      4.104312e-01
    290      4.809841e+00      2.441825e-01      2.484005e-01      4.095947e-01
    291      4.746116e+00      2.664603e-01      2.607449e-01      4.114993e-01
    292      4.689597e+00      2.819858e-01      2.685071e-01      4.132439e-01
    293      4.686262e+00      2.950790e-01      2.733416e-01      4.150961e-01
    294      4.498999e+00      3.235727e-01      2.835259e-01      4.193100e-01
    295      4.421305e+00      3.414709e-01      2.943061e-01      4.228852e-01
    296      4.323354e+00      3.622317e-01      3.039952e-01      4.258689e-01
    297      4.146886e+00      3.901226e-01      3.116012e-01      4.292283e-01
    298      3.978194e+00      4.117710e-01      3.097652e-01      4.315328e-01
    299      3.802367e+00      4.373462e-01      3.054076e-01      4.340243e-01
    300      3.556119e+00      4.650481e-01      3.003015e-01      4.373139e-01
    301      3.335377e+00      4.883349e-01      2.976215e-01      4.400049e-01
    302      3.144117e+00      5.087648e-01      2.954613e-01      4.424665e-01
    303      2.974222e+00      5.209494e-01      2.861851e-01      4.436559e-01
    304      2.849782e+00      5.394033e-01      2.836210e-01      4.459584e-01
    305      2.875721e+00      5.424277e-01      2.866182e-01      4.462419e-01
    306      2.964518e+00      5.366279e-01      2.922532e-01      4.455498e-01
    307      3.075713e+00      5.307926e-01      2.986005e-01      4.443876e-01
    308      3.197430e+00      5.309750e-01      3.063711e-01      4.445746e-01
    309      3.330619e+00      5.375672e-01      3.162952e-01      4.471911e-01
    310      3.372017e+00      5.591432e-01      3.209076e-01      4.510813e-01
    311      3.450849e+00      5.773749e-01      3.248309e-01      4.531458e-01
    312      3.649329e+00      5.847385e-01      3.341712e-01      4.539467e-01
    313      3.796741e+00      5.912075e-01      3.431344e-01      4.554154e-01
    314      3.979389e+00      5.894623e-01      3.523007e-01      4.558833e-01
    315      4.222592e+00      5.860612e-01      3.660920e-01      4.588227e-01
    316      3.662183e+00      6.357026e-01      3.389978e-01      4.650443e-01
    317      1.609306e+00      8.465759e-01      1.560925e-01      4.968623e-01
    318      1.000000e+00      1.000000e+00     -1.605191e-16      5.333000e-01
    319      1.000000e+00      1.000000e+00     -7.848725e-17      5.333000e-01
    320      2.984331e+00      5.281380e-01      2.910093e-01      4.446166e-01
    321      3.113929e+00      5.191637e-01      2.984258e-01      4.435779e-01
    322      3.222031e+00      5.144498e-01      3.043523e-01      4.424547e-01
    323      3.330077e+00      5.174606e-01      3.115226e-01      4.429306e-01
    324      3.458260e+00      5.273185e-01      3.220941e-01      4.461698e-01
    325      3.507466e+00      5.501927e-01      3.279306e-01      4.502496e-01
    326      3.595825e+00      5.702919e-01      3.324694e-01      4.523992e-01
    327      3.763385e+00      5.646372e-01      3.410567e-01      4.518515e-01
    328      3.821056e+00      5.801135e-01      3.428709e-01      4.535974e-01
    329      4.082290e+00      5.747474e-01      3.552227e-01      4.535603e-01
    330      4.399838e+00      5.736252e-01      3.704809e-01      4.566401e-01
    331      3.688210e+00      6.161527e-01      3.390122e-01      4.597003e-01
    332      2.146675e+00      7.542388e-01      2.333197e-01      4.809841e-01
    333      1.000000e+00      1.000000e+00     -8.228561e-17      5.333000e-01
    334      1.000000e+00      1.000000e+00     -1.246466e-16      5.333000e-01
    335      3.966040e+00      5.552822e-01      3.511220e-01      4.511110e-01
    336      4.346064e+00      5.600666e-01      3.668611e-01      4.523326e-01
    337      4.195922e+00      5.740330e-01      3.595357e-01      4.533901e-01
    338      3.056905e+00      6.470126e-01      3.080012e-01      4.644771e-01
    339      1.159388e+00      9.622124e-01      4.613411e-02      5.212080e-01
    340      1.000000e+00      1.000000e+00      8.339513e-18      5.333000e-01
    341      4.947174e+00      2.442775e-01      2.453897e-01      4.086783e-01
    342      4.882878e+00      2.619417e-01      2.563666e-01      4.107829e-01
    343      4.819742e+00      2.748877e-01      2.649247e-01      4.125819e-01
    344      4.783556e+00      2.892921e-01      2.752151e-01      4.148961e-01
    345      4.752699e+00      3.045409e-01      2.777354e-01      4.174075e-01
    346      4.573610e+00      3.288919e-01      2.882218e-01      4.212273e-01
    347      4.487553e+00      3.491182e-01      3.002823e-01      4.242188e-01
    348      4.480109e+00      3.640443e-01      3.109845e-01      4.260464e-01
    349      4.346024e+00      3.799240e-01      3.148606e-01      4.278791e-01
    350      4.194473e+00      4.032033e-01      3.163136e-01      4.302770e-01
    351      4.032080e+00      4.219743e-01      3.112338e-01      4.318534e-01
    352      3.895638e+00      4.383062e-01      3.078247e-01      4.335641e-01
    353      3.713483e+00      4.579924e-01      3.050360e-01      4.360382e-01
    354      3.480756e+00      4.810968e-01      3.055054e-01      4.388250e-01
    355      3.273020e+00      5.016278e-01      3.031405e-01      4.415155e-01
    356      3.353367e+00      5.005792e-01      3.081762e-01      4.405975e-01
    357      3.442134e+00      5.073431e-01      3.150505e-01      4.415235e-01
    358      3.520640e+00      5.155395e-01      3.224618e-01      4.438527e-01
    359      3.574153e+00      5.275705e-01      3.297609e-01      4.476701e-01
    360      3.644067e+00      5.441467e-01      3.352146e-01      4.500094e-01
    361      3.807887e+00      5.344300e-01      3.436776e-01      4.495813e-01
    362      4.219579e+00      5.380708e-01      3.620065e-01      4.490277e-01
    363      4.482362e+00      5.315126e-01      3.716797e-01      4.476945e-01
    364      3.959102e+00      5.619345e-01      3.506065e-01      4.502107e-01
    365      1.697202e+00      8.090288e-01      1.723325e-01      4.893478e-01
    366      1.000000e+00      1.000000e+00      9.733894e-17      5.333000e-01
    367      1.000000e+00      1.000000e+00      1.112940e-16      5.333000e-01
    368      3.946252e+00      5.166356e-01      3.479750e-01      4.479370e-01
    369      4.224593e+00      5.200010e-01      3.607827e-01      4.472924e-01
    370      4.404899e+00      5.080191e-01      3.663430e-01      4.460322e-01
    371      4.473013e+00      5.035842e-01      3.652596e-01      4.445048e-01
    372      2.890850e+00      6.275808e-01      2.982823e-01      4.574797e-01
    373      2.015212e+00      7.233427e-01      2.049045e-01      4.701241e-01
    374      1.000000e+00      1.000000e+00     -1.493940e-17      5.333000e-01
    375      3.603260e+00      4.960577e-01      3.208116e-01      4.400416e-01
    376      3.677479e+00      5.131223e-01      3.320886e-01      4.456841e-01
    377      3.811335e+00      4.904199e-01      3.317848e-01      4.414519e-01
    378      4.025089e+00      5.012267e-01      3.487799e-01      4.471157e-01
    379      4.198496e+00      4.863534e-01      3.525575e-01      4.457269e-01
    380      4.387180e+00      4.679829e-01      3.528672e-01      4.435419e-01
    381      4.287978e+00      4.922748e-01      3.368542e-01      4.410735e-01
    382      3.677531e+00      4.878827e-01      2.953328e-01      4.358635e-01
    383      1.403840e+00      8.386072e-01      9.201292e-02      4.885420e-01
    384      1.000000e+00      1.000000e+00      6.224058e-17      5.333000e-01
    385      1.000000e+00      1.000000e+00      1.357588e-17      5.333000e-01
    386      5.413106e+00     -9.233695e-03     -1.545902e-02      3.923045e-01
    387      5.421289e+00      5.766552e-03     -1.266760e-02      3.921932e-01
    388      5.444812e+00      1.409609e-02      4.381715e-04      3.926953e-01
    389      5.444672e+00      2.777665e-02      9.436981e-03      3.924744e-01
    390      5.487435e+00      6.208929e-02      4.640128e-02      3.935452e-01
    391      5.521519e+00      9.651134e-02      8.235362e-02      3.949902e-01
    392      5.537127e+00      1.162416e-01      1.173525e-01      3.966008e-01
    393      5.524475e+00      1.363482e-01      1.534437e-01      3.982051e-01
    394      5.454693e+00      1.547150e-01      1.839566e-01      3.992869e-01
    395      5.319423e+00      1.708172e-01      2.064970e-01      4.005729e-01
    396      5.107796e+00      1.919963e-01      2.238301e-01      4.034864e-01
    397      4.915099e+00      2.182492e-01      2.360076e-01      4.072143e-01
    398      5.008051e+00      2.200367e-01      2.305954e-01      4.067878e-01
    399      5.116716e+00      2.246552e-01      2.285913e-01      4.060458e-01
    400      5.069612e+00      2.442182e-01      2.418631e-01      4.081546e-01
    401      5.003658e+00      2.562754e-01      2.484995e-01      4.099527e-01
    402      4.978232e+00      2.665747e-01      2.551072e-01      4.113935e-01
    403      4.847156e+00      2.826929e-01      2.725400e-01      4.140788e-01
    404      4.826762e+00      2.938950e-01      2.792806e-01      4.161641e-01
    405      4.851242e+00      3.001612e-01      2.776518e-01      4.178768e-01
    406      4.767230e+00      3.149526e-01      2.832210e-01      4.199955e-01
    407      4.654354e+00      3.400630e-01      2.979097e-01      4.230558e-01
    408      4.569417e+00      3.592583e-01      3.089851e-01      4.249829e-01
    409      4.560408e+00      3.690524e-01      3.167821e-01      4.260933e-01
    410      4.509047e+00      3.734162e-01      3.165155e-01      4.265654e-01
    411      4.418175e+00      3.854857e-01      3.201987e-01      4.282613e-01
    412      4.300093e+00      3.955177e-01      3.172470e-01      4.299814e-01
    413      4.170538e+00      4.105922e-01      3.132673e-01      4.310491e-01
    414      4.040636e+00      4.233318e-01      3.107570e-01      4.319633e-01
    415      3.880121e+00      4.460396e-01      3.063804e-01      4.340779e-01
    416      3.669829e+00      4.664136e-01      3.099803e-01      4.367198e-01
    417      3.516664e+00      4.858247e-01      3.127838e-01      4.385382e-01
    418      3.699016e+00      4.751109e-01      3.188522e-01      4.367832e-01
    419      3.832632e+00      4.716782e-01      3.237206e-01      4.359126e-01
    420      3.957561e+00      4.796709e-01      3.353074e-01      4.405758e-01
    421      4.149958e+00      4.639918e-01      3.366451e-01      4.388240e-01
    422      4.454824e+00      4.434575e-01      3.327146e-01      4.360442e-01
    423      4.639643e+00      4.224575e-01      3.341744e-01      4.327696e-01
    424      4.799363e+00      4.063256e-01      3.355719e-01      4.280788e-01
    425      3.435185e+00      5.002048e-01      2.923906e-01      4.365304e-01
    426      1.387090e+00      8.658292e-01      1.006908e-01      4.967482e-01
    427      1.000000e+00      1.000000e+00      1.409011e-16      5.333000e-01
    428      1.000000e+00      1.000000e+00      6.109429e-17      5.333000e-01
    429      3.794320e+00      4.148315e-01      2.715469e-01      4.255853e-01
    430      1.831527e+00      6.727418e-01      1.368324e-01      4.547534e-01
    431      1.000000e+00      1.000000e+00      4.326499e-17      5.333000e-01
    432      1.000000e+00      1.000000e+00      4.667330e-17      5.333000e-01
    433      4.230569e+00      4.040049e-01      3.122938e-01      4.295490e-01
    434      4.116506e+00      4.265786e-01      3.080283e-01      4.307368e-01
    435      3.966145e+00      4.471605e-01      3.098346e-01      4.332767e-01
    436      3.794936e+00      4.608714e-01      3.141967e-01      4.353179e-01
    437      3.948221e+00      4.612574e-01      3.229128e-01      4.346291e-01
    438      4.189956e+00      4.426306e-01      3.178047e-01      4.321271e-01
    439      4.383841e+00      4.203459e-01      3.192449e-01      4.293869e-01
    440      4.498142e+00      4.023113e-01      3.221111e-01      4.276977e-01
    441      4.535375e+00      3.732122e-01      3.095503e-01      4.244756e-01
    442      4.741711e+00      3.759197e-01      3.159792e-01      4.235065e-01
    443      4.583258e+00      3.397366e-01      3.020348e-01      4.231547e-01
    444      4.875814e+00      3.362422e-01      3.046243e-01      4.236899e-01
    445      4.280726e+00      3.751797e-01      2.801877e-01      4.220376e-01
    446      2.851521e+00      5.125811e-01      2.445584e-01      4.368886e-01
    447      1.471854e+00      7.693114e-01      8.937690e-02      4.791792e-01
    448      1.000000e+00      1.000000e+00     -5.192468e-17      5.333000e-01
    449      1.000000e+00      1.000000e+00     -1.937359e-17      5.333000e-01
    450      1.000000e+00      1.000000e+00      4.225603e-17      5.333000e-01
    451      4.359738e+00      3.813625e-01      3.106068e-01      4.275125e-01
    452      4.423940e+00      3.639484e-01      3.104442e-01      4.261244e-01
    453      4.492863e+00      3.515817e-01      3.047721e-01      4.243375e-01
    454      4.621839e+00      3.636045e-01      3.181902e-01      4.267638e-01
    455      4.779363e+00      3.571190e-01      3.181036e-01      4.262437e-01
    456      4.995921e+00      3.490731e-01      3.122755e-01      4.234285e-01
    457      5.107590e+00      3.406055e-01      3.113657e-01      4.230201e-01
    458      5.073327e+00      3.436948e-01      3.029660e-01      4.195320e-01
    459      4.812096e+00      3.378520e-01      2.955775e-01      4.194507e-01
    460      4.030238e+00      3.660147e-01      2.495676e-01      4.218229e-01
    461      2.887044e+00      4.469226e-01      1.753712e-01      4.259579e-01
    462      1.075070e+00      9.618783e-01      1.619405e-02      5.199391e-01
    463      1.000000e+00      1.000000e+00      7.756074e-19      5.333000e-01
    464      1.000000e+00      1.000000e+00      1.434366e-17      5.333000e-01
    465      5.407291e+00     -1.006639e-02     -9.101798e-03      3.921563e-01
    466      5.420489e+00      1.367699e-02     -6.441123e-03      3.921119e-01
    467      5.438273e+00      3.715169e-02      1.526727e-02      3.925182e-01
    468      5.476262e+00      7.226873e-02      4.880732e-02      3.937492e-01
    469      5.511839e+00      1.067245e-01      7.955143e-02      3.951966e-01
    470      5.542588e+00      1.257015e-01      1.104339e-01      3.965028e-01
    471      5.559755e+00      1.436589e-01      1.424974e-01      3.976358e-01
    472      5.535720e+00      1.567917e-01      1.696262e-01      3.980722e-01
    473      5.442257e+00      1.665805e-01      1.892980e-01      3.988787e-01
    474      5.291003e+00      1.766935e-01      2.027153e-01      4.008025e-01
    475      5.122118e+00      1.953965e-01      2.164495e-01      4.042135e-01
    476      5.165979e+00      2.008859e-01      2.121650e-01      4.043053e-01
    477      5.237735e+00      2.095511e-01      2.122334e-01      4.039418e-01
    478      5.217810e+00      2.298340e-01      2.284661e-01      4.058010e-01
    479      5.159333e+00      2.420344e-01      2.357259e-01      4.078316e-01
    480      5.107992e+00      2.515707e-01      2.404429e-01      4.092149e-01
    481      5.099543e+00      2.638222e-01      2.489008e-01      4.108711e-01
    482      4.977151e+00      2.780717e-01      2.648805e-01      4.133043e-01
    483      4.854502e+00      2.899746e-01      2.800224e-01      4.157681e-01
    484      4.848886e+00      2.940174e-01      2.803503e-01      4.167111e-01
    485      4.889366e+00      2.989052e-01      2.774081e-01      4.186146e-01
    486      4.879544e+00      3.102849e-01      2.826792e-01      4.200596e-01
    487      4.836008e+00      3.261956e-01      2.925076e-01      4.215068e-01
    488      4.811623e+00      3.434868e-01      3.044125e-01      4.227226e-01
    489      4.704249e+00      3.566343e-01      3.110017e-01      4.244197e-01
    490      4.617919e+00      3.665022e-01      3.167930e-01      4.256748e-01
    491      4.607315e+00      3.712516e-01      3.208544e-01      4.267159e-01
    492      4.562561e+00      3.755827e-01      3.196999e-01      4.270294e-01
    493      4.446055e+00      3.796176e-01      3.198470e-01      4.284141e-01
    494      4.560559e+00      3.705859e-01      3.175013e-01      4.272351e-01
    495      4.701478e+00      3.652381e-01      3.199278e-01      4.261568e-01
    496      4.845089e+00      3.551972e-01      3.137925e-01      4.239346e-01
    497      4.935751e+00      3.440056e-01      3.066494e-01      4.217279e-01
    498      5.037861e+00      3.354605e-01      3.047978e-01      4.206621e-01
    499      5.089878e+00      3.299495e-01      3.014871e-01      4.200132e-01
    500      5.106388e+00      3.136674e-01      2.902082e-01      4.199558e-01
    501      4.898034e+00      2.965497e-01      2.885073e-01      4.204226e-01
    502      4.809763e+00      2.989893e-01      2.880512e-01      4.207419e-01
    503      5.101516e+00      2.873755e-01      2.607724e-01      4.163516e-01
    504      5.078822e+00      2.934712e-01      2.450388e-01      4.128178e-01
    505      3.786260e+00      3.683504e-01      2.278843e-01      4.195711e-01
    506      2.851647e+00      4.337186e-01      1.697506e-01      4.256480e-01
    507      1.000000e+00      1.000000e+00      3.685547e-17      5.333000e-01
    508      1.000000e+00      1.000000e+00      1.244723e-17      5.333000e-01
    509      1.000000e+00      1.000000e+00     -6.133822e-18      5.333000e-01
    510      1.000000e+00      1.000000e+00     -1.738419e-17      5.333000e-01
    511      5.420392e+00      2.122330e-02      2.007290e-02      3.918438e-01
    512      5.405654e+00      9.846270e-03      1.725246e-02      3.921031e-01
    513      5.397634e+00     -5.636227e-04      1.219739e-02      3.921289e-01
    514      5.395179e+00     -8.403480e-03      4.883207e-03      3.921820e-01
    515      5.397650e+00     -1.331499e-02      4.503028e-04      3.921981e-01
    516      5.410365e+00      1.019794e-02     -9.436217e-04      3.921095e-01
    517      5.419688e+00      3.060984e-02      1.866337e-02      3.925130e-01
    518      5.467013e+00      8.007295e-02      5.217807e-02      3.939761e-01
    519      5.498666e+00      1.128922e-01      7.866926e-02      3.954027e-01
    520      5.534456e+00      1.353032e-01      1.058047e-01      3.967337e-01
    521      5.570343e+00      1.521795e-01      1.342064e-01      3.974774e-01
    522      5.572054e+00      1.626395e-01      1.582641e-01      3.973855e-01
    523      5.511246e+00      1.671342e-01      1.751025e-01      3.978038e-01
    524      5.394177e+00      1.707212e-01      1.858351e-01      3.992380e-01
    525      5.268273e+00      1.817758e-01      1.975581e-01      4.019025e-01
    526      5.276617e+00      1.886685e-01      1.948483e-01      4.023617e-01
    527      5.319746e+00      1.992231e-01      1.961508e-01      4.023855e-01
    528      5.316322e+00      2.201578e-01      2.163498e-01      4.040705e-01
    529      5.281203e+00      2.317534e-01      2.260205e-01      4.059043e-01
    530      5.215146e+00      2.390414e-01      2.281049e-01      4.075182e-01
    531      5.193755e+00      2.515132e-01      2.370663e-01      4.089613e-01
    532      5.194851e+00      2.631389e-01      2.452053e-01      4.106388e-01
    533      5.092017e+00      2.769010e-01      2.590650e-01      4.129193e-01
    534      4.943263e+00      2.882698e-01      2.757097e-01      4.157307e-01
    535      4.832883e+00      2.920852e-01      2.849731e-01      4.167759e-01
    536      4.861449e+00      2.922602e-01      2.815428e-01      4.175544e-01
    537      4.939402e+00      2.996294e-01      2.796011e-01      4.200069e-01
    538      4.964233e+00      3.132552e-01      2.867112e-01      4.206744e-01
    539      4.970863e+00      3.244226e-01      2.950037e-01      4.208239e-01
    540      4.919242e+00      3.340897e-01      3.002848e-01      4.215288e-01
    541      4.839858e+00      2.921089e-01      2.859572e-01      4.179941e-01
    542      5.013692e+00      2.891732e-01      2.716733e-01      4.162536e-01
    543      5.200097e+00      2.772858e-01      2.537332e-01      4.123499e-01
    544      5.306021e+00      2.780907e-01      2.525173e-01      4.123150e-01
    545      5.325901e+00      2.719948e-01      2.488845e-01      4.108301e-01
    546      5.177966e+00      2.623596e-01      2.263530e-01      4.073024e-01
    547      5.062520e+00      2.777129e-01      2.197958e-01      4.088951e-01
    548      3.354228e+00      4.109372e-01      2.045889e-01      4.250164e-01
    549      2.634999e+00      4.295968e-01      1.315562e-01      4.269186e-01
    550      1.000000e+00      1.000000e+00      3.566725e-18      5.333000e-01
    551      1.000000e+00      1.000000e+00     -1.555439e-17      5.333000e-01
    552      1.000000e+00      1.000000e+00     -6.616261e-18      5.333000e-01
    553      1.000000e+00      1.000000e+00      9.329566e-18      5.333000e-01
    554      1.000000e+00      1.000000e+00     -1.076715e-17      5.333000e-01
    555      1.000000e+00      1.000000e+00     -4.923712e-17      5.333000e-01
    556      5.273952e+00      2.418812e-01      2.252846e-01      4.075192e-01
    557      5.259787e+00      2.540548e-01      2.379867e-01      4.094939e-01
    558      5.265016e+00      2.623010e-01      2.418095e-01      4.098999e-01
    559      5.257948e+00      2.540567e-01      2.343050e-01      4.090084e-01
    560      5.377207e+00      2.563223e-01      2.294609e-01      4.104023e-01
    561      5.436233e+00      2.591029e-01      2.302029e-01      4.088503e-01
    562      5.461294e+00      2.677199e-01      2.255547e-01      4.085750e-01
    563      5.298774e+00      2.004638e-01      1.664023e-01      3.989190e-01
    564      4.873008e+00      2.420686e-01      1.841406e-01      4.016392e-01
    565      5.105424e+00      2.241525e-01      1.714242e-01      4.014433e-01
    566      3.875783e+00      3.295971e-01      1.761351e-01      4.157232e-01
    567      2.919240e+00      3.952991e-01      1.442475e-01      4.208220e-01
    568      3.303921e+00      3.329509e-01      1.096424e-01      4.141913e-01
    569      1.000000e+00      1.000000e+00      1.444205e-17      5.333000e-01
    570      1.000000e+00      1.000000e+00      1.766297e-17      5.333000e-01
    571      1.000000e+00      1.000000e+00      1.846663e-17      5.333000e-01
    572      2.331763e+00      4.914604e-01      7.848932e-02      4.275781e-01
    573      4.678054e+00      2.307778e-01      1.052509e-01      3.986975e-01
    574      5.372351e+00      1.562255e-01      8.580989e-02      3.953303e-01
    575      5.393169e+00      1.007991e-01      4.008701e-02      3.910702e-01
    576      5.419736e+00      6.668298e-02      2.515277e-02      3.905221e-01
    577      5.438945e+00      4.830253e-02      2.104006e-02      3.906687e-01
    578      5.438540e+00      3.451834e-02      2.129585e-02      3.909534e-01
    579      5.466544e+00      7.974506e-02      4.603755e-02      3.927840e-01
    580      5.449701e+00      6.855548e-02      4.304434e-02      3.926992e-01
    581      5.430576e+00      5.585362e-02      3.983060e-02      3.927112e-01
    582      5.421318e+00      4.161064e-02      3.045612e-02      3.926587e-01
    583      5.466378e+00      9.237008e-02      6.232912e-02      3.943199e-01
    584      5.507203e+00      1.297346e-01      9.184189e-02      3.963887e-01
    585      5.546022e+00      1.534514e-01      1.176003e-01      3.979214e-01
    586      5.568919e+00      1.585134e-01      1.295391e-01      3.976413e-01
    587      5.586753e+00      1.706887e-01      1.489909e-01      3.971383e-01
    588      5.542516e+00      1.712279e-01      1.638380e-01      3.972187e-01
    589      5.447996e+00      1.700244e-01      1.727804e-01      3.983527e-01
    590      5.353963e+00      1.756166e-01      1.828895e-01      4.004525e-01
    591      5.337685e+00      1.816151e-01      1.818494e-01      4.008932e-01
    592      5.353385e+00      1.900817e-01      1.831676e-01      4.009030e-01
    593      5.389802e+00      2.136434e-01      2.021140e-01      4.029002e-01
    594      5.367082e+00      2.275882e-01      2.194037e-01      4.046640e-01
    595      5.290917e+00      2.284276e-01      2.180195e-01      4.057852e-01
    596      5.299667e+00      2.273452e-01      2.086052e-01      4.049456e-01
    597      5.333817e+00      2.532295e-01      2.315479e-01      4.091429e-01
    598      5.417192e+00      2.532670e-01      2.224597e-01      4.079160e-01
    599      5.287824e+00      2.175039e-01      1.974051e-01      4.022090e-01
    600      5.335643e+00      2.175342e-01      1.847083e-01      4.012320e-01
    601      5.277085e+00      1.913791e-01      1.729866e-01      4.003809e-01
    602      5.114550e+00      1.899792e-01      1.808069e-01      3.995350e-01
    603      5.356121e+00      2.472137e-01      2.121536e-01      4.082597e-01
    604      5.659776e+00      2.513100e-01      2.027715e-01      4.067221e-01
    605      5.382878e+00      2.266599e-01      1.830707e-01      3.994060e-01
    606      5.148803e+00      2.187458e-01      1.490246e-01      3.980790e-01
    607      5.347528e+00      2.005394e-01      1.386514e-01      3.989009e-01
    608      5.397136e+00      1.981351e-01      1.170137e-01      3.972374e-01
    609      3.717138e+00      3.150593e-01      1.121634e-01      4.094191e-01
    610      5.182725e+00      2.176442e-01      1.062248e-01      3.962903e-01
    611      5.504342e+00      1.700955e-01      9.693237e-02      4.001408e-01
    612      5.491930e+00      1.547901e-01      8.453887e-02      3.976084e-01
    613      5.442695e+00      1.115605e-01      5.205771e-02      3.926607e-01
    614      5.448439e+00      9.205907e-02      4.493689e-02      3.920305e-01
    615      5.474625e+00      9.587470e-02      5.097464e-02      3.931247e-01
    616      5.495040e+00      1.285763e-01      7.359979e-02      3.956562e-01
    617      5.489564e+00      1.197132e-01      7.250705e-02      3.952739e-01
    618      5.485791e+00      1.138082e-01      7.414459e-02      3.952014e-01
    619      5.534134e+00      1.504262e-01      1.057354e-01      3.979319e-01
    620      5.564897e+00      1.658330e-01      1.235204e-01      3.981443e-01
    621      5.582651e+00      1.700099e-01      1.358299e-01      3.975415e-01
    622      5.598128e+00      1.806010e-01      1.486225e-01      3.969151e-01
    623      5.551553e+00      1.762607e-01      1.564942e-01      3.970195e-01
    624      5.473174e+00      1.726746e-01      1.623734e-01      3.979652e-01
    625      5.395385e+00      1.749833e-01      1.721828e-01      3.997095e-01
    626      5.357949e+00      1.797341e-01      1.738475e-01      4.000085e-01
    627      5.379842e+00      1.965633e-01      1.831660e-01      4.006521e-01
    628      5.459405e+00      2.281358e-01      2.112273e-01      4.040181e-01
    629      5.356140e+00      2.252078e-01      2.145002e-01      4.051245e-01
    630      5.305478e+00      2.119129e-01      1.987848e-01      4.039813e-01
    631      5.280862e+00      1.970277e-01      1.781594e-01      4.014288e-01
    632      5.387410e+00      2.178065e-01      2.032220e-01      4.050875e-01
    633      5.310813e+00      2.259637e-01      2.146552e-01      4.054411e-01
    634      5.417785e+00      2.471484e-01      2.179618e-01      4.072887e-01
    635      5.587804e+00      2.508701e-01      2.030129e-01      4.051959e-01
    636      5.503870e+00      2.103666e-01      1.731227e-01      3.985102e-01
    637      5.356133e+00      1.860650e-01      1.534873e-01      3.980934e-01
    638      5.405370e+00      2.050982e-01      1.572462e-01      4.015955e-01
    639      5.392788e+00      1.903592e-01      1.375263e-01      3.985921e-01
    640      5.396279e+00      1.854531e-01      1.285698e-01      3.970199e-01
    641      5.503698e+00      2.014309e-01      1.282889e-01      3.986498e-01
    642      5.655288e+00      2.122020e-01      1.244284e-01      3.974584e-01
    643      5.624254e+00      1.940084e-01      1.103537e-01      3.963388e-01
    644      5.531492e+00      1.730212e-01      1.006978e-01      3.992108e-01
    645      5.525107e+00      1.654297e-01      9.583980e-02      3.995008e-01
    646      5.481151e+00      1.303285e-01      6.967803e-02      3.949993e-01
    647      5.505986e+00      1.436968e-01      8.185082e-02      3.969395e-01
    648      5.502369e+00      1.567024e-01      9.346555e-02      3.982645e-01
    649      5.507086e+00      1.536425e-01      9.531091e-02      3.979681e-01
    650      5.521049e+00      1.507503e-01      9.853474e-02      3.977767e-01
    651      5.561612e+00      1.682670e-01      1.168802e-01      3.982491e-01
    652      5.603485e+00      1.811843e-01      1.360288e-01      3.971579e-01
    653      5.586408e+00      1.862271e-01      1.474487e-01      3.969736e-01
    654      5.552444e+00      1.806373e-01      1.526798e-01      3.971088e-01
    655      5.485669e+00      1.760161e-01      1.546192e-01      3.977357e-01
    656      5.418177e+00      1.780346e-01      1.617293e-01      3.993403e-01
    657      5.370484e+00      1.830707e-01      1.676389e-01      3.997155e-01
    658      5.450838e+00      2.109569e-01      1.865488e-01      4.010780e-01
    659      5.482625e+00      2.391035e-01      2.174821e-01      4.054107e-01
    660      5.434820e+00      2.288574e-01      2.144752e-01      4.053966e-01
    661      5.402921e+00      2.313402e-01      2.180962e-01      4.054985e-01
    662      5.548934e+00      2.456718e-01      2.069023e-01      4.046980e-01
    663      5.483818e+00      2.076647e-01      1.739162e-01      3.990590e-01
    664      5.377544e+00      1.823381e-01      1.569377e-01      3.983994e-01
    665      5.402350e+00      1.971738e-01      1.624457e-01      4.009792e-01
    666      5.409932e+00      1.915173e-01      1.470339e-01      3.995981e-01
    667      5.418358e+00      1.822778e-01      1.339141e-01      3.975554e-01
    668      5.469272e+00      1.923260e-01      1.347482e-01      3.979483e-01
    669      5.582525e+00      2.064962e-01      1.351325e-01      3.978288e-01
    670      5.664881e+00      2.134229e-01      1.297622e-01      3.972821e-01
    671      5.616744e+00      1.955930e-01      1.186026e-01      3.965852e-01
    672      5.527672e+00      1.743492e-01      1.069431e-01      3.992026e-01
    673      5.512770e+00      1.677122e-01      1.009482e-01      3.996767e-01
    674      5.514820e+00      1.703008e-01      1.075297e-01      3.993182e-01
    675      5.537423e+00      1.687724e-01      1.112442e-01      3.985210e-01
    676      5.603547e+00      1.848458e-01      1.272316e-01      3.974156e-01
    677      5.611400e+00      1.924746e-01      1.413412e-01      3.968013e-01
    678      5.546161e+00      1.881462e-01      1.447326e-01      3.973375e-01
    679      5.510057e+00      1.810857e-01      1.489495e-01      3.975148e-01
    680      5.434917e+00      1.779040e-01      1.495628e-01      3.982523e-01
    681      5.418412e+00      1.862631e-01      1.611371e-01      4.001757e-01
    682      5.388856e+00      1.839112e-01      1.616417e-01      3.992765e-01
    683      5.418460e+00      1.928375e-01      1.648453e-01      4.009674e-01
    684      5.412068e+00      1.876826e-01      1.543815e-01      3.996595e-01
    685      5.425472e+00      1.806164e-01      1.405662e-01      3.980335e-01
    686      5.490305e+00      1.870177e-01      1.395211e-01      3.977550e-01
    687      5.541816e+00      1.985037e-01      1.400694e-01      3.976922e-01
    688      5.615586e+00      2.038268e-01      1.346946e-01      3.967964e-01
    689      5.573725e+00      1.839848e-01      1.183775e-01      3.973329e-01
    690      5.625256e+00      1.973005e-01      1.346429e-01      3.966989e-01
    691      5.574770e+00      1.960997e-01      1.410567e-01      3.970125e-01
    692      5.475394e+00      1.811303e-01      1.435290e-01      3.977344e-01
    693      1.000000e+00      1.000000e+00     -2.169471e-17      5.333000e-01
    694      1.043615e+00      9.865040e-01      1.284649e-02      5.281957e-01
    695      1.000000e+00      1.000000e+00      8.865448e-17      5.333000e-01
    696      1.000000e+00      1.000000e+00      2.248374e-17      5.333000e-01
    697      1.000000e+00      1.000000e+00     -1.273020e-16      5.333000e-01
    698      1.000000e+00      1.000000e+00     -4.750511e-17      5.333000e-01
    699      1.000000e+00      1.000000e+00     -5.150483e-17      5.333000e-01
    700      1.000000e+00      1.000000e+00      1.359167e-17      5.333000e-01
    701      1.000000e+00      1.000000e+00     -6.233048e-17      5.333000e-01
    702      1.000000e+00      1.000000e+00     -1.731958e-17      5.333000e-01
    703      1.000000e+00      1.000000e+00     -7.083198e-17      5.333000e-01
    704      1.000000e+00      1.000000e+00     -2.143645e-17      5.333000e-01
    705      1.000000e+00      1.000000e+00     -1.641698e-17      5.333000e-01
    706      1.000000e+00      1.000000e+00     -2.245235e-17      5.333000e-01
    707      1.000000e+00      1.000000e+00      3.779220e-17      5.333000e-01
    708      1.000000e+00      1.000000e+00      1.426850e-17      5.333000e-01
    709      1.000000e+00      1.000000e+00      1.933673e-17      5.333000e-01
    710      1.000000e+00      1.000000e+00     -9.432407e-17      5.333000e-01
    711      1.000000e+00      1.000000e+00      1.028916e-18      5.333000e-01
    712      1.000000e+00      1.000000e+00     -2.123228e-17      5.333000e-01
    713      1.000000e+00      1.000000e+00     -1.373371e-17      5.333000e-01
