 Nodal density, velocity and total energy solutions [  188]:

   Node        density        u-velocity        v-velocity         total energy
      1      1.000000e+00      1.000000e+00      0.000000e+00      9.464000e-01
      2      1.173322e+00      9.468998e-01      6.902997e-02      9.325128e-01
      3      1.000000e+00      1.000000e+00     -2.162576e-17      9.464000e-01
      4      1.000000e+00      1.000000e+00     -8.186850e-17      9.464000e-01
      5      1.071531e+00      9.625978e-01      4.222919e-02      9.403976e-01
      6      1.332634e+00      9.123288e-01      1.216446e-01      9.276436e-01
      7      1.333844e+00      9.116548e-01      1.215676e-01      9.270063e-01
      8      1.335775e+00      9.101596e-01      1.213823e-01      9.254268e-01
      9      1.336095e+00      9.098073e-01      1.213063e-01      9.250155e-01
     10      1.336037e+00      9.098247e-01      1.213081e-01      9.250229e-01
     11      1.335997e+00      9.098367e-01      1.213157e-01      9.250287e-01
     12      1.335927e+00      9.098572e-01      1.213137e-01      9.250365e-01
     13      7.893185e-01      1.042007e+00     -1.002176e-01      9.603468e-01
     14      7.266816e-01      1.062877e+00     -1.417444e-01      9.675666e-01
     15      7.269233e-01      1.062302e+00     -1.417646e-01      9.672088e-01
     16      7.293839e-01      1.060249e+00     -1.397007e-01      9.666695e-01
     17      7.279844e-01      1.060039e+00     -1.402018e-01      9.666726e-01
     18      7.263719e-01      1.060355e+00     -1.410372e-01      9.667893e-01
     19      7.257809e-01      1.060485e+00     -1.413640e-01      9.668451e-01
     20      7.253640e-01      1.060472e+00     -1.412698e-01      9.668459e-01
     21      9.975123e-01      9.945499e-01      4.167366e-17      9.460736e-01
     22      9.432069e-01      1.006113e+00     -2.304973e-02      9.481050e-01
     23      9.929349e-01      9.946600e-01     -1.600622e-04      9.452205e-01
     24      9.925482e-01      9.953905e-01     -5.627778e-05      9.459161e-01
     25      9.960084e-01      9.948545e-01     -1.417184e-04      9.460853e-01
     26      9.975123e-01      9.945499e-01     -3.715873e-17      9.460736e-01
     27      1.456376e+00      8.852930e-01     -1.104008e-02      9.187390e-01
     28      9.975123e-01      9.945499e-01     -7.497326e-17      9.460736e-01
     29      9.971970e-01      9.947823e-01     -8.320042e-04      9.462953e-01
     30      9.539143e-01      1.002204e+00     -2.290971e-02      9.469746e-01
     31      7.995803e-01      1.037160e+00     -1.045322e-01      9.565581e-01
     32      7.478779e-01      1.052297e+00     -1.384097e-01      9.632431e-01
     33      7.839465e-01      1.040178e+00     -1.315721e-01      9.577267e-01
     34      8.623841e-01      1.021449e+00     -1.035167e-01      9.517128e-01
     35      1.030228e+00      9.837507e-01     -4.320054e-02      9.415376e-01
     36      1.285000e+00      9.216300e-01     -1.662069e-02      9.245487e-01
     37      1.000000e+00      1.000000e+00      0.000000e+00      9.464000e-01
     38      1.525561e+00      8.686356e-01      1.157129e-02      9.140872e-01
     39      1.547801e+00      8.617035e-01      3.576481e-02      9.116936e-01
     40      1.511945e+00      8.681315e-01      5.778677e-02      9.125220e-01
     41      1.394706e+00      8.934557e-01      6.715138e-02      9.170235e-01
     42      1.163382e+00      9.515131e-01      3.864892e-02      9.311212e-01
     43      1.020042e+00      9.940573e-01      5.212142e-03      9.441736e-01
     44      1.000022e+00      9.999946e-01      6.874311e-06      9.463985e-01
     45      1.000000e+00      1.000000e+00     -2.405957e-17      9.464000e-01
     46      1.000000e+00      1.000000e+00      1.183981e-16      9.464000e-01
     47      1.000000e+00      1.000000e+00      1.128150e-16      9.464000e-01
     48      1.000000e+00      1.000000e+00      1.223024e-17      9.464000e-01
     49      1.000000e+00      1.000000e+00      0.000000e+00      9.464000e-01
     50      1.000000e+00      1.000000e+00      0.000000e+00      9.464000e-01
     51      1.335996e+00      9.098606e-01      1.213404e-01      9.249850e-01
     52      1.251773e+00      9.312143e-01      9.715199e-02      9.308999e-01
     53      9.294294e-01      1.002845e+00     -2.059307e-02      9.508798e-01
     54      7.266619e-01      1.061635e+00     -1.418161e-01      9.667880e-01
     55      7.367741e-01      1.058115e+00     -1.347228e-01      9.657890e-01
     56      7.730656e-01      1.048503e+00     -1.102836e-01      9.628302e-01
     57      7.414496e-01      1.056263e+00     -1.299531e-01      9.655091e-01
     58      7.321844e-01      1.058305e+00     -1.358450e-01      9.662509e-01
     59      7.262537e-01      1.059720e+00     -1.397723e-01      9.667684e-01
     60      7.246576e-01      1.059900e+00     -1.404420e-01      9.668921e-01
     61      8.180002e-01      1.034556e+00     -8.317244e-02      9.578947e-01
     62      9.512701e-01      1.004189e+00     -1.870389e-02      9.476098e-01
     63      9.771231e-01      9.988111e-01     -7.040978e-03      9.466626e-01
     64      9.916846e-01      9.960300e-01     -2.290319e-03      9.465268e-01
     65      1.267995e+00      9.274709e-01      1.015483e-01      9.293170e-01
     66      1.134037e+00      9.635739e-01      5.645289e-02      9.386690e-01
     67      8.898684e-01      1.016524e+00     -4.182141e-02      9.548630e-01
     68      7.725845e-01      1.049590e+00     -1.108221e-01      9.637743e-01
     69      8.460375e-01      1.030731e+00     -6.833078e-02      9.573868e-01
     70      9.319494e-01      1.012002e+00     -2.590110e-02      9.519921e-01
     71      7.997136e-01      1.043700e+00     -9.460491e-02      9.615564e-01
     72      7.772911e-01      1.049186e+00     -1.083537e-01      9.634933e-01
     73      7.404877e-01      1.056933e+00     -1.304284e-01      9.662326e-01
     74      7.298236e-01      1.059148e+00     -1.370715e-01      9.671212e-01
     75      7.263871e-01      1.059688e+00     -1.394868e-01      9.673077e-01
     76      8.394422e-01      1.028628e+00     -7.204218e-02      9.557436e-01
     77      8.937498e-01      1.015347e+00     -4.870869e-02      9.508701e-01
     78      1.176475e+00      9.528734e-01      7.112690e-02      9.354704e-01
     79      1.049097e+00      9.841780e-01      2.452229e-02      9.439541e-01
     80      1.278806e+00      9.248359e-01      1.046689e-01      9.284475e-01
     81      1.198810e+00      9.469334e-01      7.835522e-02      9.336840e-01
     82      1.107005e+00      9.710370e-01      4.607903e-02      9.405427e-01
     83      9.563174e-01      1.004445e+00     -1.293647e-02      9.506996e-01
     84      1.336016e+00      9.099028e-01      1.214412e-01      9.248809e-01
     85      1.336282e+00      9.098455e-01      1.214632e-01      9.247043e-01
     86      1.285539e+00      9.230330e-01      1.063135e-01      9.277054e-01
     87      1.212907e+00      9.430903e-01      8.261274e-02      9.324471e-01
     88      1.156501e+00      9.581142e-01      6.314623e-02      9.364111e-01
     89      1.336147e+00      9.098929e-01      1.214506e-01      9.248427e-01
     90      1.336545e+00      9.097433e-01      1.214564e-01      9.245542e-01
     91      1.336857e+00      9.095883e-01      1.213477e-01      9.243934e-01
     92      1.284817e+00      9.229857e-01      1.056237e-01      9.273750e-01
     93      1.173868e+00      9.523565e-01      6.914141e-02      9.343098e-01
     94      1.336076e+00      9.098464e-01      1.213432e-01      9.249690e-01
     95      1.336147e+00      9.098381e-01      1.213438e-01      9.249531e-01
     96      1.336287e+00      9.098878e-01      1.214590e-01      9.247928e-01
     97      1.336855e+00      9.095670e-01      1.214382e-01      9.243196e-01
     98      1.337940e+00      9.088445e-01      1.210622e-01      9.236731e-01
     99      1.290984e+00      9.207316e-01      1.071509e-01      9.261173e-01
    100      1.210233e+00      9.427838e-01      8.179885e-02      9.316485e-01
    101      1.144175e+00      9.606576e-01      5.786759e-02      9.361935e-01
    102      1.336249e+00      9.098265e-01      1.213516e-01      9.249321e-01
    103      1.336385e+00      9.099012e-01      1.214421e-01      9.247179e-01
    104      1.326760e+00      9.116117e-01      1.180695e-01      9.241566e-01
    105      1.338200e+00      9.082031e-01      1.208036e-01      9.229689e-01
    106      1.338347e+00      9.082012e-01      1.209111e-01      9.228958e-01
    107      1.302214e+00      9.178515e-01      1.106352e-01      9.251968e-01
    108      1.222002e+00      9.392215e-01      8.373858e-02      9.300582e-01
    109      1.166004e+00      9.546463e-01      6.049492e-02      9.338631e-01
    110      1.105635e+00      9.707204e-01      3.517360e-02      9.386573e-01
    111      9.104859e-01      1.018050e+00     -3.724429e-02      9.539635e-01
    112      8.973992e-01      1.020516e+00     -4.440915e-02      9.536951e-01
    113      7.855944e-01      1.047405e+00     -1.051479e-01      9.621337e-01
    114      7.474726e-01      1.055881e+00     -1.276179e-01      9.654455e-01
    115      7.379258e-01      1.057130e+00     -1.363117e-01      9.659536e-01
    116      7.506513e-01      1.052299e+00     -1.299943e-01      9.635098e-01
    117      7.575615e-01      1.050414e+00     -1.295029e-01      9.621140e-01
    118      8.023124e-01      1.037131e+00     -1.157789e-01      9.564695e-01
    119      8.842011e-01      1.019952e+00     -7.356672e-02      9.518828e-01
    120      1.072743e+00      9.763460e-01      2.986697e-02      9.387749e-01
    121      1.283766e+00      9.218064e-01      1.053504e-01      9.273183e-01
    122      1.335235e+00      9.099485e-01      1.210365e-01      9.249502e-01
    123      1.336024e+00      9.096939e-01      1.211320e-01      9.245978e-01
    124      1.287045e+00      9.207916e-01      1.056154e-01      9.258283e-01
    125      1.207160e+00      9.404030e-01      7.981952e-02      9.297819e-01
    126      1.310748e+00      9.143871e-01      1.120514e-01      9.234505e-01
    127      1.337777e+00      9.081756e-01      1.207401e-01      9.226826e-01
    128      1.338086e+00      9.082123e-01      1.209094e-01      9.226987e-01
    129      1.332515e+00      9.109975e-01      1.189742e-01      9.239028e-01
    130      1.292636e+00      9.213852e-01      1.041703e-01      9.260006e-01
    131      1.233440e+00      9.366185e-01      7.616540e-02      9.287879e-01
    132      1.182388e+00      9.499830e-01      4.462436e-02      9.316093e-01
    133      1.067091e+00      9.813193e-01      2.999173e-02      9.431583e-01
    134      1.047952e+00      9.847583e-01      2.181088e-02      9.429469e-01
    135      1.037302e+00      9.871132e-01      1.736044e-02      9.433077e-01
    136      8.847986e-01      1.022941e+00     -5.137030e-02      9.535812e-01
    137      7.864579e-01      1.045461e+00     -1.052860e-01      9.602263e-01
    138      1.000000e+00      1.000000e+00      2.083502e-17      9.464000e-01
    139      1.023865e+00      9.924934e-01      9.757190e-03      9.436506e-01
    140      1.218282e+00      9.366040e-01      8.373584e-02      9.291380e-01
    141      1.095179e+00      9.706572e-01      3.858624e-02      9.370798e-01
    142      1.031004e+00      9.905361e-01      1.281864e-02      9.430944e-01
    143      1.175803e+00      9.489798e-01      6.899130e-02      9.319470e-01
    144      1.000000e+00      1.000000e+00      1.237128e-16      9.464000e-01
    145      1.000000e+00      1.000000e+00      6.033368e-17      9.464000e-01
    146      1.002829e+00      9.991334e-01      1.138693e-03      9.460531e-01
    147      1.000041e+00      9.999875e-01      1.620668e-05      9.463948e-01
    148      1.000036e+00      9.999906e-01      1.546800e-05      9.463970e-01
    149      1.404112e+00      8.926846e-01      8.830449e-02      9.183017e-01
    150      1.271929e+00      9.235616e-01      7.816904e-02      9.246337e-01
    151      1.085958e+00      9.740211e-01      3.105347e-02      9.376682e-01
    152      1.023614e+00      9.929529e-01      9.722894e-03      9.439443e-01
    153      1.015693e+00      9.958352e-01      6.679735e-03      9.451412e-01
    154      1.000025e+00      9.999936e-01      1.094399e-05      9.463982e-01
    155      1.000027e+00      9.999931e-01      1.159185e-05      9.463979e-01
    156      1.000000e+00      1.000000e+00     -2.987471e-17      9.464000e-01
    157      1.000000e+00      1.000000e+00      7.253971e-17      9.464000e-01
    158      1.448292e+00      8.828070e-01      6.879795e-02      9.158467e-01
    159      1.340966e+00      9.093945e-01      1.085053e-01      9.231515e-01
    160      1.323984e+00      9.132858e-01      1.129839e-01      9.244107e-01
    161      1.187562e+00      9.457334e-01      7.242734e-02      9.313049e-01
    162      1.146395e+00      9.579875e-01      5.875747e-02      9.349642e-01
    163      1.141450e+00      9.586225e-01      5.664730e-02      9.345102e-01
    164      1.454971e+00      8.822102e-01      4.022134e-02      9.155371e-01
    165      1.329827e+00      9.121948e-01      8.573782e-02      9.226923e-01
    166      1.298795e+00      9.202426e-01      1.086600e-01      9.261154e-01
    167      1.296030e+00      9.190564e-01      1.075071e-01      9.246653e-01
    168      1.296420e+00      9.187321e-01      1.082070e-01      9.247970e-01
    169      1.022242e+00      9.938477e-01      9.380147e-03      9.444404e-01
    170      1.000000e+00      1.000000e+00     -7.006782e-17      9.464000e-01
    171      1.000000e+00      1.000000e+00     -3.747989e-17      9.464000e-01
    172      1.000000e+00      1.000000e+00      2.602324e-17      9.464000e-01
    173      1.000000e+00      1.000000e+00      9.738096e-17      9.464000e-01
    174      1.000000e+00      1.000000e+00     -3.536281e-17      9.464000e-01
    175      1.000000e+00      1.000000e+00     -3.450549e-17      9.464000e-01
    176      1.000000e+00      1.000000e+00     -7.067804e-17      9.464000e-01
    177      1.000000e+00      1.000000e+00     -2.781928e-17      9.464000e-01
    178      1.306790e+00      9.159958e-01      1.113858e-01      9.241377e-01
    179      1.000000e+00      1.000000e+00      4.543840e-17      9.464000e-01
    180      1.000000e+00      1.000000e+00     -1.846760e-17      9.464000e-01
    181      1.000000e+00      1.000000e+00     -2.644845e-17      9.464000e-01
    182      1.408177e+00      8.938751e-01      6.103580e-03      9.184680e-01
    183      1.299008e+00      9.192881e-01      4.954304e-02      9.231185e-01
    184      1.261187e+00      9.279617e-01      1.477683e-02      9.245858e-01
    185      1.125449e+00      9.649425e-01      5.174301e-02      9.370783e-01
    186      1.008102e+00      9.936203e-01     -1.302275e-02      9.449262e-01
    187      1.142229e+00      9.586480e-01      2.227474e-03      9.340388e-01
    188      1.000000e+00      1.000000e+00     -2.688066e-17      9.464000e-01
