 Nodal density, velocity and total energy solutions [ 1229]:

   Node        density        u-velocity        v-velocity         total energy
      1      1.000000e+00      1.000000e+00      0.000000e+00      5.333000e-01
      2      5.960591e+00      1.206284e-03      1.073972e-03      3.994962e-01
      3      1.000000e+00      1.000000e+00      2.335620e-17      5.333000e-01
      4      1.000000e+00      1.000000e+00      7.971375e-18      5.333000e-01
      5      1.000000e+00      1.000000e+00     -3.647256e-17      5.333000e-01
      6      1.000000e+00      1.000000e+00      3.156966e-17      5.333000e-01
      7      1.713875e+00      6.778784e-01     -9.271655e-03      4.485942e-01
      8      4.625861e+00      3.305851e-01     -5.417047e-02      3.997723e-01
      9      5.286695e+00      2.983806e-01     -9.311279e-03      4.030766e-01
     10      5.082388e+00      3.043035e-01      5.057643e-03      4.001070e-01
     11      5.259894e+00      2.760727e-01      9.199323e-03      3.971897e-01
     12      5.480051e+00      2.408622e-01      1.365949e-02      3.944967e-01
     13      5.686530e+00      1.786829e-01      3.437376e-02      3.930113e-01
     14      5.907668e+00      7.762679e-02      3.508106e-02      3.968951e-01
     15      5.305814e+00      3.262013e-02      1.876464e-01      3.980140e-01
     16      5.895134e+00      4.525532e-02      6.886375e-02      3.992151e-01
     17      5.599619e+00      3.266928e-02      1.494556e-01      3.988216e-01
     18      5.057838e+00      6.647637e-02      1.967684e-01      3.960980e-01
     19      5.174548e+00      4.780407e-02      1.908544e-01      3.959211e-01
     20      5.150970e+00      5.302270e-02      1.917252e-01      3.960858e-01
     21      4.766966e+00      1.244228e-01      2.183166e-01      3.989890e-01
     22      4.987218e+00      9.030660e-02      1.947720e-01      3.960847e-01
     23      4.921139e+00      1.014108e-01      2.052665e-01      3.975231e-01
     24      4.319017e+00      2.027873e-01      2.374208e-01      4.047261e-01
     25      4.653033e+00      1.509576e-01      2.159580e-01      3.991458e-01
     26      4.582037e+00      1.641284e-01      2.243907e-01      4.014544e-01
     27      3.508610e+00      2.931714e-01      2.580160e-01      4.133250e-01
     28      4.132999e+00      2.320482e-01      2.331288e-01      4.039337e-01
     29      4.130479e+00      2.356824e-01      2.334132e-01      4.053974e-01
     30      2.545353e+00      4.519479e-01      2.758144e-01      4.302273e-01
     31      2.517072e+00      4.470136e-01      3.079465e-01      4.314879e-01
     32      2.733185e+00      4.263282e-01      2.923517e-01      4.283391e-01
     33      2.125914e+00      5.240027e-01      2.281813e-01      4.332206e-01
     34      2.134583e+00      5.180862e-01      2.406947e-01      4.315635e-01
     35      2.189054e+00      5.133955e-01      2.350603e-01      4.309265e-01
     36      1.542689e+00      6.149569e-01      1.611910e-01      4.446068e-01
     37      1.876601e+00      5.613881e-01      2.078224e-01      4.381038e-01
     38      1.720184e+00      5.881958e-01      1.867707e-01      4.412026e-01
     39      1.118186e+00      6.876628e-01      7.541180e-02      4.549666e-01
     40      1.272664e+00      6.597592e-01      1.135038e-01      4.506935e-01
     41      1.162045e+00      6.795320e-01      8.679422e-02      4.536536e-01
     42      9.999997e-01      1.000000e+00      4.434817e-08      5.333000e-01
     43      1.224842e+00      6.801553e-01      9.791162e-02      4.564269e-01
     44      1.457434e+00      6.603276e-01      1.416077e-01      4.578539e-01
     45      1.596607e+00      6.483534e-01      1.604130e-01      4.559851e-01
     46      1.746201e+00      6.356568e-01      1.810205e-01      4.540564e-01
     47      1.897795e+00      6.219121e-01      2.008593e-01      4.521608e-01
     48      2.016069e+00      6.141680e-01      2.145968e-01      4.515984e-01
     49      2.143699e+00      6.063505e-01      2.280835e-01      4.517768e-01
     50      2.284656e+00      5.957222e-01      2.405501e-01      4.506862e-01
     51      2.433313e+00      5.850096e-01      2.480687e-01      4.488153e-01
     52      2.566624e+00      5.770979e-01      2.545028e-01      4.477826e-01
     53      2.657045e+00      5.727773e-01      2.648937e-01      4.478898e-01
     54      2.744489e+00      5.714153e-01      2.754360e-01      4.486068e-01
     55      2.852520e+00      5.729243e-01      2.850383e-01      4.496323e-01
     56      2.986367e+00      5.774565e-01      2.949524e-01      4.508818e-01
     57      3.146009e+00      5.844837e-01      3.058793e-01      4.524644e-01
     58      3.324904e+00      5.933685e-01      3.182429e-01      4.548136e-01
     59      3.519013e+00      6.038715e-01      3.327616e-01      4.583026e-01
     60      3.743295e+00      6.148709e-01      3.485110e-01      4.621826e-01
     61      4.005776e+00      6.236576e-01      3.627236e-01      4.651258e-01
     62      4.268043e+00      6.281771e-01      3.738544e-01      4.670828e-01
     63      4.501894e+00      6.322530e-01      3.826306e-01      4.691872e-01
     64      3.006306e+00      7.244862e-01      3.006645e-01      4.759191e-01
     65      1.324707e+00      9.301522e-01      9.305424e-02      5.137962e-01
     66      1.000000e+00      1.000000e+00      3.074092e-16      5.333000e-01
     67      1.000000e+00      1.000000e+00     -6.257031e-12      5.333000e-01
     68      1.000000e+00      1.000000e+00     -2.627889e-10      5.333000e-01
     69      1.000000e+00      1.000000e+00     -3.868025e-09      5.333000e-01
     70      1.000000e+00      1.000000e+00     -1.856784e-08      5.333000e-01
     71      1.000000e+00      1.000000e+00     -3.145585e-08      5.333000e-01
     72      1.000000e+00      1.000000e+00     -3.660430e-09      5.333000e-01
     73      9.999997e-01      1.000000e+00      3.876000e-08      5.333000e-01
     74      1.000000e+00      1.000000e+00      0.000000e+00      5.333000e-01
     75      9.999996e-01      1.000000e+00      5.446408e-08      5.333000e-01
     76      9.999994e-01      1.000000e+00      7.732834e-08      5.333000e-01
     77      9.999993e-01      1.000000e+00      9.462325e-08      5.333000e-01
     78      9.999991e-01      1.000000e+00      1.159266e-07      5.333000e-01
     79      9.999990e-01      1.000000e+00      1.407114e-07      5.333000e-01
     80      9.999987e-01      1.000000e+00      1.677023e-07      5.333000e-01
     81      9.999985e-01      1.000000e+00      1.977369e-07      5.333000e-01
     82      9.999983e-01      1.000000e+00      2.319740e-07      5.333000e-01
     83      1.000007e+00      9.999999e-01     -9.164434e-07      5.333000e-01
     84      1.000004e+00      9.999999e-01     -4.985938e-07      5.333000e-01
     85      1.000000e+00      1.000000e+00     -8.595414e-18      5.333000e-01
     86      1.000000e+00      1.000000e+00     -6.822093e-17      5.333000e-01
     87      1.000000e+00      1.000000e+00     -1.047764e-16      5.333000e-01
     88      1.000000e+00      1.000000e+00     -6.603734e-17      5.333000e-01
     89      1.000000e+00      1.000000e+00     -1.488541e-17      5.333000e-01
     90      1.000000e+00      1.000000e+00      1.589258e-16      5.333000e-01
     91      1.000000e+00      1.000000e+00      1.813577e-16      5.333000e-01
     92      1.000000e+00      1.000000e+00      8.757857e-17      5.333000e-01
     93      1.000000e+00      1.000000e+00      6.866840e-17      5.333000e-01
     94      1.000000e+00      1.000000e+00      1.031633e-16      5.333000e-01
     95      1.000000e+00      1.000000e+00      1.544447e-16      5.333000e-01
     96      1.000000e+00      1.000000e+00      1.350492e-16      5.333000e-01
     97      1.000000e+00      1.000000e+00      9.288163e-17      5.333000e-01
     98      1.000000e+00      1.000000e+00      3.612379e-17      5.333000e-01
     99      1.000000e+00      1.000000e+00     -1.426613e-17      5.333000e-01
    100      1.000000e+00      1.000000e+00     -3.170329e-17      5.333000e-01
    101      1.000000e+00      1.000000e+00     -6.015755e-18      5.333000e-01
    102      1.000000e+00      1.000000e+00      0.000000e+00      5.333000e-01
    103      1.000000e+00      1.000000e+00      0.000000e+00      5.333000e-01
    104      1.000000e+00      1.000000e+00      0.000000e+00      5.333000e-01
    105      1.000000e+00      1.000000e+00      0.000000e+00      5.333000e-01
    106      1.000000e+00      1.000000e+00      0.000000e+00      5.333000e-01
    107      1.000000e+00      1.000000e+00      0.000000e+00      5.333000e-01
    108      1.000000e+00      1.000000e+00      0.000000e+00      5.333000e-01
    109      1.000000e+00      1.000000e+00      0.000000e+00      5.333000e-01
    110      1.000000e+00      1.000000e+00      0.000000e+00      5.333000e-01
    111      1.000000e+00      1.000000e+00      0.000000e+00      5.333000e-01
    112      1.000000e+00      1.000000e+00      0.000000e+00      5.333000e-01
    113      1.000000e+00      1.000000e+00      0.000000e+00      5.333000e-01
    114      1.000000e+00      1.000000e+00      0.000000e+00      5.333000e-01
    115      1.000000e+00      1.000000e+00      0.000000e+00      5.333000e-01
    116      1.000000e+00      1.000000e+00      0.000000e+00      5.333000e-01
    117      1.000000e+00      1.000000e+00      0.000000e+00      5.333000e-01
    118      1.000000e+00      1.000000e+00      0.000000e+00      5.333000e-01
    119      1.000000e+00      1.000000e+00      0.000000e+00      5.333000e-01
    120      1.000000e+00      1.000000e+00      0.000000e+00      5.333000e-01
    121      1.000000e+00      1.000000e+00      0.000000e+00      5.333000e-01
    122      1.000000e+00      1.000000e+00      0.000000e+00      5.333000e-01
    123      1.000000e+00      1.000000e+00      0.000000e+00      5.333000e-01
    124      1.000000e+00      1.000000e+00      0.000000e+00      5.333000e-01
    125      1.000000e+00      1.000000e+00      0.000000e+00      5.333000e-01
    126      1.000000e+00      1.000000e+00      0.000000e+00      5.333000e-01
    127      1.000000e+00      1.000000e+00      0.000000e+00      5.333000e-01
    128      1.000000e+00      1.000000e+00      0.000000e+00      5.333000e-01
    129      1.000000e+00      1.000000e+00      0.000000e+00      5.333000e-01
    130      1.000000e+00      1.000000e+00      0.000000e+00      5.333000e-01
    131      1.000000e+00      1.000000e+00      0.000000e+00      5.333000e-01
    132      1.000000e+00      1.000000e+00      0.000000e+00      5.333000e-01
    133      1.000000e+00      1.000000e+00      0.000000e+00      5.333000e-01
    134      1.000000e+00      1.000000e+00      0.000000e+00      5.333000e-01
    135      1.000000e+00      1.000000e+00      0.000000e+00      5.333000e-01
    136      1.000000e+00      1.000000e+00      0.000000e+00      5.333000e-01
    137      1.000000e+00      1.000000e+00      0.000000e+00      5.333000e-01
    138      1.000000e+00      1.000000e+00      0.000000e+00      5.333000e-01
    139      1.000000e+00      1.000000e+00      0.000000e+00      5.333000e-01
    140      1.000000e+00      1.000000e+00      0.000000e+00      5.333000e-01
    141      1.000000e+00      1.000000e+00      0.000000e+00      5.333000e-01
    142      1.000000e+00      1.000000e+00      0.000000e+00      5.333000e-01
    143      1.000000e+00      1.000000e+00      0.000000e+00      5.333000e-01
    144      1.000000e+00      1.000000e+00      0.000000e+00      5.333000e-01
    145      1.000000e+00      1.000000e+00      0.000000e+00      5.333000e-01
    146      1.000000e+00      1.000000e+00      0.000000e+00      5.333000e-01
    147      1.000000e+00      1.000000e+00      0.000000e+00      5.333000e-01
    148      1.000000e+00      1.000000e+00      0.000000e+00      5.333000e-01
    149      3.245622e+00      3.283228e-01      2.650949e-01      4.194385e-01
    150      2.612018e+00      4.411156e-01      2.940821e-01      4.315069e-01
    151      2.761356e+00      4.337754e-01      2.798885e-01      4.306502e-01
    152      2.398567e+00      4.818364e-01      2.598894e-01      4.333196e-01
    153      2.348282e+00      4.994263e-01      2.494352e-01      4.358145e-01
    154      2.211640e+00      5.252454e-01      2.366418e-01      4.390429e-01
    155      1.897111e+00      5.729064e-01      2.057872e-01      4.428819e-01
    156      1.756649e+00      5.951259e-01      1.876999e-01      4.451520e-01
    157      1.542257e+00      6.258670e-01      1.582092e-01      4.489761e-01
    158      1.322328e+00      6.624038e-01      1.192936e-01      4.539173e-01
    159      1.467881e+00      6.544480e-01      1.434196e-01      4.562744e-01
    160      1.583571e+00      6.459066e-01      1.603658e-01      4.559753e-01
    161      1.718900e+00      6.346990e-01      1.776170e-01      4.542102e-01
    162      1.886508e+00      6.193751e-01      1.986562e-01      4.519116e-01
    163      2.010219e+00      6.104037e-01      2.136227e-01      4.508282e-01
    164      2.139045e+00      6.026765e-01      2.279980e-01      4.511464e-01
    165      2.286035e+00      5.920248e-01      2.419941e-01      4.505640e-01
    166      2.426297e+00      5.811876e-01      2.520026e-01      4.487635e-01
    167      2.566936e+00      5.725395e-01      2.573015e-01      4.473057e-01
    168      2.682578e+00      5.670607e-01      2.635025e-01      4.468667e-01
    169      2.765167e+00      5.651459e-01      2.734198e-01      4.474346e-01
    170      2.855256e+00      5.661657e-01      2.835571e-01      4.485147e-01
    171      2.973646e+00      5.701017e-01      2.933338e-01      4.497883e-01
    172      3.123151e+00      5.767244e-01      3.037932e-01      4.512539e-01
    173      3.298627e+00      5.852442e-01      3.153306e-01      4.532183e-01
    174      3.492598e+00      5.954511e-01      3.286747e-01      4.563180e-01
    175      3.709454e+00      6.069202e-01      3.443382e-01      4.603662e-01
    176      3.964363e+00      6.173375e-01      3.602670e-01      4.639091e-01
    177      4.234891e+00      6.234089e-01      3.731125e-01      4.661014e-01
    178      4.463373e+00      6.268030e-01      3.819105e-01      4.679848e-01
    179      3.409606e+00      6.884329e-01      3.295538e-01      4.722833e-01
    180      1.554362e+00      8.853419e-01      1.372710e-01      5.010071e-01
    181      1.000000e+00      1.000000e+00      1.700901e-16      5.333000e-01
    182      1.000000e+00      1.000000e+00      3.455757e-16      5.333000e-01
    183      1.000000e+00      1.000000e+00     -9.872547e-12      5.333000e-01
    184      1.000000e+00      1.000000e+00     -4.113687e-10      5.333000e-01
    185      1.000000e+00      1.000000e+00     -5.920955e-09      5.333000e-01
    186      1.000000e+00      1.000000e+00     -2.502214e-08      5.333000e-01
    187      1.000000e+00      1.000000e+00     -2.832372e-08      5.333000e-01
    188      9.999999e-01      1.000000e+00      1.863804e-08      5.333000e-01
    189      9.999996e-01      1.000000e+00      5.491738e-08      5.333000e-01
    190      9.999995e-01      1.000000e+00      6.250642e-08      5.333000e-01
    191      9.999995e-01      1.000000e+00      7.009954e-08      5.333000e-01
    192      9.999995e-01      1.000000e+00      6.203059e-08      5.333000e-01
    193      9.999996e-01      1.000000e+00      5.112120e-08      5.333000e-01
    194      9.999997e-01      1.000000e+00      3.796052e-08      5.333000e-01
    195      1.000002e+00      1.000000e+00     -2.774016e-07      5.333000e-01
    196      1.000004e+00      9.999999e-01     -5.396624e-07      5.333000e-01
    197      1.000000e+00      1.000000e+00     -1.310415e-17      5.333000e-01
    198      1.000000e+00      1.000000e+00     -6.476467e-17      5.333000e-01
    199      1.000000e+00      1.000000e+00     -1.309272e-16      5.333000e-01
    200      1.000000e+00      1.000000e+00     -1.215373e-17      5.333000e-01
    201      1.000000e+00      1.000000e+00      1.369452e-16      5.333000e-01
    202      1.000000e+00      1.000000e+00      2.569216e-16      5.333000e-01
    203      1.000000e+00      1.000000e+00      2.958024e-16      5.333000e-01
    204      1.000000e+00      1.000000e+00      1.604725e-16      5.333000e-01
    205      1.000000e+00      1.000000e+00      1.145283e-16      5.333000e-01
    206      1.000000e+00      1.000000e+00      1.353424e-16      5.333000e-01
    207      1.000000e+00      1.000000e+00      1.464421e-16      5.333000e-01
    208      1.000000e+00      1.000000e+00      1.659592e-16      5.333000e-01
    209      1.000000e+00      1.000000e+00      1.548306e-16      5.333000e-01
    210      1.000000e+00      1.000000e+00      8.094602e-17      5.333000e-01
    211      1.000000e+00      1.000000e+00      3.549268e-17      5.333000e-01
    212      1.000000e+00      1.000000e+00      1.376418e-17      5.333000e-01
    213      1.000000e+00      1.000000e+00     -7.825038e-18      5.333000e-01
    214      1.000000e+00      1.000000e+00      1.332344e-17      5.333000e-01
    215      1.000000e+00      1.000000e+00     -2.249375e-17      5.333000e-01
    216      1.000000e+00      1.000000e+00      2.352869e-17      5.333000e-01
    217      1.000000e+00      1.000000e+00     -9.925601e-18      5.333000e-01
    218      1.000000e+00      1.000000e+00     -3.711988e-17      5.333000e-01
    219      1.000000e+00      1.000000e+00      1.309977e-17      5.333000e-01
    220      1.000000e+00      1.000000e+00     -1.616235e-17      5.333000e-01
    221      1.000000e+00      1.000000e+00      4.493143e-17      5.333000e-01
    222      1.000000e+00      1.000000e+00     -6.945868e-17      5.333000e-01
    223      1.000000e+00      1.000000e+00     -8.243142e-17      5.333000e-01
    224      1.000000e+00      1.000000e+00      3.904138e-17      5.333000e-01
    225      1.000000e+00      1.000000e+00      7.547655e-17      5.333000e-01
    226      1.000000e+00      1.000000e+00      3.105012e-17      5.333000e-01
    227      1.000000e+00      1.000000e+00     -2.748969e-17      5.333000e-01
    228      1.000000e+00      1.000000e+00     -1.357488e-17      5.333000e-01
    229      1.000000e+00      1.000000e+00      1.172137e-17      5.333000e-01
    230      1.000000e+00      1.000000e+00     -3.523737e-17      5.333000e-01
    231      1.000000e+00      1.000000e+00      1.192715e-17      5.333000e-01
    232      1.000000e+00      1.000000e+00     -1.606643e-17      5.333000e-01
    233      1.000000e+00      1.000000e+00     -3.324417e-17      5.333000e-01
    234      1.000000e+00      1.000000e+00     -4.084752e-17      5.333000e-01
    235      1.000000e+00      1.000000e+00      4.534330e-17      5.333000e-01
    236      1.000000e+00      1.000000e+00      1.186311e-17      5.333000e-01
    237      1.000000e+00      1.000000e+00     -3.980856e-17      5.333000e-01
    238      1.000000e+00      1.000000e+00     -5.514120e-18      5.333000e-01
    239      1.000000e+00      1.000000e+00      3.904519e-17      5.333000e-01
    240      1.000000e+00      1.000000e+00      6.597785e-17      5.333000e-01
    241      1.000000e+00      1.000000e+00     -8.072449e-18      5.333000e-01
    242      1.000000e+00      1.000000e+00     -2.785014e-17      5.333000e-01
    243      1.000000e+00      1.000000e+00     -6.675727e-18      5.333000e-01
    244      1.000000e+00      1.000000e+00     -6.728462e-17      5.333000e-01
    245      1.000000e+00      1.000000e+00     -1.095159e-17      5.333000e-01
    246      1.000000e+00      1.000000e+00      7.506983e-17      5.333000e-01
    247      1.000000e+00      1.000000e+00     -1.217510e-19      5.333000e-01
    248      1.000000e+00      1.000000e+00     -5.872198e-18      5.333000e-01
    249      1.000000e+00      1.000000e+00     -1.942185e-17      5.333000e-01
    250      1.000000e+00      1.000000e+00      1.162226e-17      5.333000e-01
    251      1.000000e+00      1.000000e+00      1.980012e-17      5.333000e-01
    252      1.000000e+00      1.000000e+00      6.148629e-17      5.333000e-01
    253      1.000000e+00      1.000000e+00     -1.850479e-17      5.333000e-01
    254      1.000000e+00      1.000000e+00     -6.579513e-17      5.333000e-01
    255      1.000000e+00      1.000000e+00     -5.162994e-17      5.333000e-01
    256      1.000000e+00      1.000000e+00      4.302857e-17      5.333000e-01
    257      1.000000e+00      1.000000e+00      8.568688e-17      5.333000e-01
    258      1.000000e+00      1.000000e+00     -2.778793e-17      5.333000e-01
    259      1.000000e+00      1.000000e+00     -6.343615e-18      5.333000e-01
    260      1.000000e+00      1.000000e+00     -3.424012e-17      5.333000e-01
    261      1.000000e+00      1.000000e+00     -4.131382e-17      5.333000e-01
    262      1.000000e+00      1.000000e+00      8.898128e-17      5.333000e-01
    263      2.805795e+00      4.761713e-01     -1.013957e-01      4.195595e-01
    264      4.954918e+00      2.811679e-01     -5.801123e-02      3.969289e-01
    265      4.891752e+00      2.561373e-01      5.809489e-03      3.944228e-01
    266      5.016382e+00      2.189886e-01      1.805338e-02      3.915887e-01
    267      5.211292e+00      1.765202e-01      2.424365e-02      3.901239e-01
    268      5.410085e+00      1.300937e-01      6.247210e-02      3.897726e-01
    269      5.698184e+00      9.381718e-02      9.237374e-02      3.951190e-01
    270      5.394809e+00      4.507594e-02      1.453649e-01      3.929807e-01
    271      5.222326e+00      3.608725e-02      1.534434e-01      3.911904e-01
    272      5.174728e+00      4.475070e-02      1.508056e-01      3.911871e-01
    273      5.116663e+00      5.234844e-02      1.588268e-01      3.922261e-01
    274      5.024159e+00      6.993924e-02      1.582321e-01      3.930366e-01
    275      4.957176e+00      9.015475e-02      1.734512e-01      3.950946e-01
    276      4.855293e+00      1.050881e-01      1.885873e-01      3.969720e-01
    277      4.715104e+00      1.308945e-01      1.969958e-01      3.985058e-01
    278      4.624466e+00      1.526168e-01      2.011666e-01      4.003601e-01
    279      4.475241e+00      1.793642e-01      2.168862e-01      4.041575e-01
    280      4.222940e+00      2.217848e-01      2.282527e-01      4.066652e-01
    281      4.082742e+00      2.421815e-01      2.343712e-01      4.086646e-01
    282      4.094995e+00      2.625566e-01      2.426868e-01      4.139188e-01
    283      3.355314e+00      3.421457e-01      2.694039e-01      4.232797e-01
    284      2.796409e+00      4.388057e-01      2.875886e-01      4.341049e-01
    285      2.873611e+00      4.444146e-01      2.775129e-01      4.334121e-01
    286      2.700781e+00      4.573972e-01      2.698206e-01      4.348043e-01
    287      2.608550e+00      4.825874e-01      2.646000e-01      4.377332e-01
    288      2.608703e+00      4.967850e-01      2.614126e-01      4.385120e-01
    289      2.276321e+00      5.358021e-01      2.375631e-01      4.424133e-01
    290      1.971622e+00      5.818940e-01      2.103252e-01      4.474070e-01
    291      1.833117e+00      6.014945e-01      1.941347e-01      4.494005e-01
    292      1.650045e+00      6.268432e-01      1.705292e-01      4.523817e-01
    293      1.715545e+00      6.280552e-01      1.782542e-01      4.533951e-01
    294      1.904701e+00      6.118182e-01      2.000831e-01      4.511792e-01
    295      2.040142e+00      6.017887e-01      2.150020e-01      4.493795e-01
    296      2.184539e+00      5.921203e-01      2.319371e-01      4.495359e-01
    297      2.354125e+00      5.797777e-01      2.480007e-01      4.492019e-01
    298      2.497431e+00      5.686854e-01      2.585647e-01      4.473346e-01
    299      2.616871e+00      5.610953e-01      2.656500e-01      4.460020e-01
    300      2.739207e+00      5.557685e-01      2.689043e-01      4.453295e-01
    301      2.842715e+00      5.534564e-01      2.737963e-01      4.454608e-01
    302      2.919547e+00      5.546514e-01      2.832752e-01      4.466066e-01
    303      3.014084e+00      5.587382e-01      2.935885e-01      4.480998e-01
    304      3.148416e+00      5.655315e-01      3.040536e-01      4.496677e-01
    305      3.318113e+00      5.741073e-01      3.152248e-01      4.514076e-01
    306      3.513345e+00      5.841427e-01      3.276270e-01      4.541097e-01
    307      3.734386e+00      5.958792e-01      3.422847e-01      4.581742e-01
    308      3.993188e+00      6.078336e-01      3.591680e-01      4.622956e-01
    309      4.274937e+00      6.157485e-01      3.745664e-01      4.648582e-01
    310      4.490738e+00      6.191659e-01      3.836671e-01      4.664883e-01
    311      3.357865e+00      6.819839e-01      3.285985e-01      4.710822e-01
    312      1.511749e+00      8.893285e-01      1.292835e-01      5.015495e-01
    313      1.000000e+00      1.000000e+00     -1.569203e-16      5.333000e-01
    314      1.000000e+00      1.000000e+00      2.236214e-16      5.333000e-01
    315      1.000000e+00      1.000000e+00      3.643339e-16      5.333000e-01
    316      1.000000e+00      1.000000e+00     -1.079494e-11      5.333000e-01
    317      1.000000e+00      1.000000e+00     -4.624450e-10      5.333000e-01
    318      1.000000e+00      1.000000e+00     -6.877295e-09      5.333000e-01
    319      1.000000e+00      1.000000e+00     -2.940861e-08      5.333000e-01
    320      1.000000e+00      1.000000e+00     -2.087581e-08      5.333000e-01
    321      1.000000e+00      1.000000e+00     -7.735468e-18      5.333000e-01
    322      1.000000e+00      1.000000e+00      5.479695e-17      5.333000e-01
    323      1.000000e+00      1.000000e+00     -6.450648e-17      5.333000e-01
    324      1.000000e+00      1.000000e+00      2.110596e-17      5.333000e-01
    325      1.000000e+00      1.000000e+00     -1.168320e-17      5.333000e-01
    326      1.000000e+00      1.000000e+00     -1.483548e-17      5.333000e-01
    327      1.000000e+00      1.000000e+00     -3.717071e-18      5.333000e-01
    328      1.000000e+00      1.000000e+00     -1.248919e-16      5.333000e-01
    329      1.000000e+00      1.000000e+00     -4.502416e-17      5.333000e-01
    330      1.000000e+00      1.000000e+00      9.220079e-17      5.333000e-01
    331      1.000000e+00      1.000000e+00      9.617107e-17      5.333000e-01
    332      1.000000e+00      1.000000e+00      1.858201e-17      5.333000e-01
    333      1.000000e+00      1.000000e+00     -4.341339e-17      5.333000e-01
    334      1.000000e+00      1.000000e+00      2.792662e-17      5.333000e-01
    335      1.000000e+00      1.000000e+00      1.962400e-17      5.333000e-01
    336      1.000000e+00      1.000000e+00     -1.966781e-17      5.333000e-01
    337      1.000000e+00      1.000000e+00      1.574406e-17      5.333000e-01
    338      1.000000e+00      1.000000e+00     -2.244604e-17      5.333000e-01
    339      1.000000e+00      1.000000e+00     -5.203913e-17      5.333000e-01
    340      1.000000e+00      1.000000e+00     -9.947175e-18      5.333000e-01
    341      1.000000e+00      1.000000e+00      1.958215e-17      5.333000e-01
    342      1.000000e+00      1.000000e+00     -8.178968e-20      5.333000e-01
    343      1.000000e+00      1.000000e+00     -3.341251e-17      5.333000e-01
    344      1.000000e+00      1.000000e+00      1.518703e-17      5.333000e-01
    345      1.000000e+00      1.000000e+00      3.980246e-17      5.333000e-01
    346      1.000000e+00      1.000000e+00      1.439173e-16      5.333000e-01
    347      1.000000e+00      1.000000e+00     -9.344435e-18      5.333000e-01
    348      1.000000e+00      1.000000e+00     -7.160632e-17      5.333000e-01
    349      1.000000e+00      1.000000e+00     -8.055419e-17      5.333000e-01
    350      1.000000e+00      1.000000e+00     -6.884797e-17      5.333000e-01
    351      1.000000e+00      1.000000e+00      4.586694e-17      5.333000e-01
    352      1.000000e+00      1.000000e+00      5.420466e-17      5.333000e-01
    353      1.000000e+00      1.000000e+00     -4.018548e-18      5.333000e-01
    354      1.000000e+00      1.000000e+00     -3.797482e-17      5.333000e-01
    355      1.000000e+00      1.000000e+00     -3.987451e-17      5.333000e-01
    356      1.000000e+00      1.000000e+00      3.296608e-17      5.333000e-01
    357      1.000000e+00      1.000000e+00      5.480469e-17      5.333000e-01
    358      1.000000e+00      1.000000e+00      6.362148e-17      5.333000e-01
    359      1.000000e+00      1.000000e+00     -1.052170e-16      5.333000e-01
    360      1.000000e+00      1.000000e+00     -8.343241e-17      5.333000e-01
    361      1.000000e+00      1.000000e+00     -1.138050e-17      5.333000e-01
    362      1.000000e+00      1.000000e+00      1.324994e-16      5.333000e-01
    363      1.000000e+00      1.000000e+00      4.408130e-17      5.333000e-01
    364      1.000000e+00      1.000000e+00      3.554811e-20      5.333000e-01
    365      1.000000e+00      1.000000e+00      3.810255e-17      5.333000e-01
    366      1.478140e+00      7.380361e-01     -8.340603e-02      4.799585e-01
    367      3.567724e+00      2.348365e-01     -8.244216e-02      4.089473e-01
    368      4.378987e+00      6.645116e-02     -1.597372e-02      3.871217e-01
    369      4.559739e+00      3.814097e-02      2.272382e-02      3.854725e-01
    370      4.830645e+00      2.600886e-02      2.895206e-02      3.860094e-01
    371      5.030510e+00      3.031915e-02      4.300009e-02      3.883600e-01
    372      5.217985e+00      3.574381e-02      9.697025e-02      3.864632e-01
    373      5.154052e+00      3.474552e-02      9.053362e-02      3.878043e-01
    374      5.095369e+00      4.444931e-02      1.020074e-01      3.903001e-01
    375      5.022016e+00      5.036629e-02      1.092031e-01      3.923124e-01
    376      4.960836e+00      6.771291e-02      1.130414e-01      3.960889e-01
    377      4.925173e+00      8.237614e-02      1.312109e-01      3.971456e-01
    378      4.847105e+00      9.707465e-02      1.488297e-01      3.990118e-01
    379      4.758103e+00      1.156635e-01      1.644420e-01      4.011513e-01
    380      4.666753e+00      1.428192e-01      1.779838e-01      4.034966e-01
    381      4.583522e+00      1.746812e-01      1.930223e-01      4.063928e-01
    382      4.445811e+00      2.088406e-01      2.126392e-01      4.096166e-01
    383      4.264517e+00      2.457395e-01      2.327236e-01      4.126622e-01
    384      4.246282e+00      2.777919e-01      2.525392e-01      4.160585e-01
    385      4.208489e+00      2.913245e-01      2.609538e-01      4.169632e-01
    386      3.625037e+00      3.591218e-01      2.849162e-01      4.245434e-01
    387      3.003622e+00      4.411703e-01      2.872768e-01      4.329456e-01
    388      3.060471e+00      4.492295e-01      2.848480e-01      4.317380e-01
    389      2.883616e+00      4.576097e-01      2.762763e-01      4.338636e-01
    390      2.869764e+00      4.752761e-01      2.760079e-01      4.355219e-01
    391      2.858987e+00      4.883363e-01      2.745867e-01      4.370540e-01
    392      2.643744e+00      5.060284e-01      2.614861e-01      4.389627e-01
    393      2.320317e+00      5.436108e-01      2.392468e-01      4.431165e-01
    394      2.022694e+00      5.873636e-01      2.133069e-01      4.483083e-01
    395      1.888281e+00      6.056655e-01      1.988574e-01      4.505776e-01
    396      2.069792e+00      5.924345e-01      2.169762e-01      4.484839e-01
    397      2.250219e+00      5.788231e-01      2.365857e-01      4.475355e-01
    398      2.451085e+00      5.636212e-01      2.551725e-01      4.471555e-01
    399      2.594299e+00      5.534752e-01      2.650534e-01      4.454578e-01
    400      2.697786e+00      5.479168e-01      2.714567e-01      4.442601e-01
    401      2.787615e+00      5.445632e-01      2.763533e-01      4.440197e-01
    402      2.893474e+00      5.426027e-01      2.782761e-01      4.439554e-01
    403      2.990980e+00      5.433258e-01      2.827913e-01      4.446992e-01
    404      3.070538e+00      5.472847e-01      2.925087e-01      4.462607e-01
    405      3.182199e+00      5.542503e-01      3.038268e-01      4.480862e-01
    406      3.341509e+00      5.629113e-01      3.152945e-01      4.497582e-01
    407      3.534755e+00      5.726527e-01      3.274080e-01      4.520078e-01
    408      3.755974e+00      5.840956e-01      3.411736e-01      4.558731e-01
    409      4.024624e+00      5.971138e-01      3.575337e-01      4.604631e-01
    410      4.331671e+00      6.075467e-01      3.748228e-01      4.635572e-01
    411      4.535777e+00      6.123177e-01      3.851849e-01      4.648842e-01
    412      3.280044e+00      6.764596e-01      3.270262e-01      4.700593e-01
    413      1.443834e+00      8.982233e-01      1.157498e-01      5.032635e-01
    414      1.000000e+00      1.000000e+00     -1.614575e-16      5.333000e-01
    415      1.000000e+00      1.000000e+00     -5.799190e-17      5.333000e-01
    416      1.000000e+00      1.000000e+00      2.317631e-16      5.333000e-01
    417      1.000000e+00      1.000000e+00      2.193759e-16      5.333000e-01
    418      1.000000e+00      1.000000e+00     -1.207069e-11      5.333000e-01
    419      1.000000e+00      1.000000e+00     -5.310496e-10      5.333000e-01
    420      1.000000e+00      1.000000e+00     -8.027078e-09      5.333000e-01
    421      1.000000e+00      1.000000e+00     -3.376371e-08      5.333000e-01
    422      1.000000e+00      1.000000e+00     -5.134800e-08      5.333000e-01
    423      1.000000e+00      1.000000e+00     -9.701851e-09      5.333000e-01
    424      1.000000e+00      1.000000e+00     -3.877729e-08      5.333000e-01
    425      1.000001e+00      1.000000e+00     -6.904479e-08      5.333000e-01
    426      1.000001e+00      1.000000e+00     -9.584125e-08      5.333000e-01
    427      1.000001e+00      1.000000e+00     -1.219344e-07      5.333000e-01
    428      1.000001e+00      1.000000e+00     -8.922744e-08      5.333000e-01
    429      1.000000e+00      1.000000e+00     -1.797214e-17      5.333000e-01
    430      1.000000e+00      1.000000e+00     -3.098112e-17      5.333000e-01
    431      1.000000e+00      1.000000e+00     -1.134695e-16      5.333000e-01
    432      1.000000e+00      1.000000e+00     -7.400769e-18      5.333000e-01
    433      1.000000e+00      1.000000e+00      2.122389e-16      5.333000e-01
    434      1.000000e+00      1.000000e+00      3.835556e-16      5.333000e-01
    435      1.000000e+00      1.000000e+00      3.561758e-16      5.333000e-01
    436      1.000000e+00      1.000000e+00      1.792738e-16      5.333000e-01
    437      1.000000e+00      1.000000e+00      6.260723e-17      5.333000e-01
    438      1.000000e+00      1.000000e+00      6.351070e-17      5.333000e-01
    439      1.000000e+00      1.000000e+00      2.553453e-17      5.333000e-01
    440      1.000000e+00      1.000000e+00      3.314573e-17      5.333000e-01
    441      1.000000e+00      1.000000e+00      8.037840e-17      5.333000e-01
    442      1.000000e+00      1.000000e+00      5.687089e-17      5.333000e-01
    443      1.000000e+00      1.000000e+00      1.483702e-17      5.333000e-01
    444      1.000000e+00      1.000000e+00      4.182164e-17      5.333000e-01
    445      1.000000e+00      1.000000e+00     -8.490041e-19      5.333000e-01
    446      1.000000e+00      1.000000e+00      5.554377e-17      5.333000e-01
    447      1.000000e+00      1.000000e+00      2.596430e-17      5.333000e-01
    448      1.000000e+00      1.000000e+00     -5.566450e-17      5.333000e-01
    449      1.000000e+00      1.000000e+00      2.674726e-17      5.333000e-01
    450      1.000000e+00      1.000000e+00     -3.071006e-17      5.333000e-01
    451      1.000000e+00      1.000000e+00     -4.354319e-17      5.333000e-01
    452      1.000000e+00      1.000000e+00     -2.861899e-17      5.333000e-01
    453      1.000000e+00      1.000000e+00     -8.851104e-17      5.333000e-01
    454      1.000000e+00      1.000000e+00     -3.836300e-17      5.333000e-01
    455      1.000000e+00      1.000000e+00      1.200464e-16      5.333000e-01
    456      1.000000e+00      1.000000e+00      9.157484e-17      5.333000e-01
    457      1.000000e+00      1.000000e+00     -6.234788e-17      5.333000e-01
    458      1.000000e+00      1.000000e+00      2.363605e-17      5.333000e-01
    459      1.000000e+00      1.000000e+00      7.290225e-17      5.333000e-01
    460      1.000000e+00      1.000000e+00     -2.470739e-17      5.333000e-01
    461      1.000000e+00      1.000000e+00     -1.901895e-17      5.333000e-01
    462      1.000000e+00      1.000000e+00     -1.837713e-17      5.333000e-01
    463      1.000000e+00      1.000000e+00     -3.806099e-17      5.333000e-01
    464      1.000000e+00      1.000000e+00      2.043084e-17      5.333000e-01
    465      1.000000e+00      1.000000e+00      1.909309e-17      5.333000e-01
    466      1.000000e+00      1.000000e+00      1.194673e-17      5.333000e-01
    467      1.000000e+00      1.000000e+00     -1.965230e-17      5.333000e-01
    468      1.000000e+00      1.000000e+00      9.395073e-18      5.333000e-01
    469      1.000000e+00      1.000000e+00     -7.939383e-18      5.333000e-01
    470      1.000000e+00      1.000000e+00      8.422386e-17      5.333000e-01
    471      1.000000e+00      1.000000e+00      1.807522e-16      5.333000e-01
    472      1.000000e+00      1.000000e+00     -4.876904e-17      5.333000e-01
    473      1.000000e+00      1.000000e+00     -1.565192e-16      5.333000e-01
    474      1.000000e+00      1.000000e+00     -5.205184e-17      5.333000e-01
    475      1.000000e+00      1.000000e+00     -3.295112e-17      5.333000e-01
    476      1.000000e+00      1.000000e+00      5.699787e-17      5.333000e-01
    477      1.000000e+00      1.000000e+00      3.411852e-17      5.333000e-01
    478      1.000000e+00      1.000000e+00     -4.221280e-17      5.333000e-01
    479      1.000000e+00      1.000000e+00     -5.447405e-17      5.333000e-01
    480      1.000000e+00      1.000000e+00     -5.122323e-17      5.333000e-01
    481      1.000000e+00      1.000000e+00      4.135034e-17      5.333000e-01
    482      1.000000e+00      1.000000e+00      7.535508e-17      5.333000e-01
    483      1.000000e+00      1.000000e+00      2.810448e-19      5.333000e-01
    484      1.000000e+00      1.000000e+00     -1.306316e-16      5.333000e-01
    485      1.000000e+00      1.000000e+00     -6.545560e-17      5.333000e-01
    486      1.000000e+00      1.000000e+00      6.255454e-17      5.333000e-01
    487      1.000000e+00      1.000000e+00      7.064339e-17      5.333000e-01
    488      1.000000e+00      1.000000e+00      2.507195e-17      5.333000e-01
    489      2.053015e+00      4.592679e-01      3.616807e-02      4.550308e-01
    490      3.877674e+00      1.409810e-01      6.785901e-02      4.090555e-01
    491      4.366281e+00      5.804290e-02      5.433753e-02      3.968526e-01
    492      4.590393e+00      3.363472e-02      3.044937e-02      3.957304e-01
    493      4.790861e+00      3.682272e-02      1.512002e-02      3.979418e-01
    494      4.989694e+00      3.826318e-02      4.254976e-02      3.956099e-01
    495      4.984513e+00      4.784657e-02      6.651695e-02      3.984231e-01
    496      4.928444e+00      4.774960e-02      8.134308e-02      3.994134e-01
    497      4.907237e+00      7.070409e-02      9.573164e-02      4.019017e-01
    498      4.890296e+00      9.445637e-02      1.159720e-01      4.039531e-01
    499      4.841079e+00      1.063767e-01      1.330222e-01      4.050458e-01
    500      4.787107e+00      1.238469e-01      1.523493e-01      4.060458e-01
    501      4.767753e+00      1.518503e-01      1.736856e-01      4.072705e-01
    502      4.778756e+00      1.910788e-01      1.973173e-01      4.091924e-01
    503      4.723585e+00      2.235081e-01      2.174828e-01      4.111104e-01
    504      4.615135e+00      2.505862e-01      2.340473e-01      4.128175e-01
    505      4.479425e+00      2.784544e-01      2.519187e-01      4.148787e-01
    506      4.416535e+00      3.034964e-01      2.705974e-01      4.165873e-01
    507      4.392407e+00      3.168391e-01      2.822499e-01      4.174773e-01
    508      4.239293e+00      3.426067e-01      2.974243e-01      4.207432e-01
    509      3.477410e+00      4.071682e-01      2.994806e-01      4.283080e-01
    510      3.444754e+00      4.290981e-01      3.002023e-01      4.312526e-01
    511      3.104738e+00      4.623165e-01      2.867745e-01      4.332041e-01
    512      3.068144e+00      4.752483e-01      2.849848e-01      4.349838e-01
    513      3.011066e+00      4.854426e-01      2.814269e-01      4.363723e-01
    514      2.860921e+00      4.983059e-01      2.740092e-01      4.382178e-01
    515      2.669393e+00      5.155911e-01      2.628367e-01      4.400017e-01
    516      2.356084e+00      5.511372e-01      2.413352e-01      4.438618e-01
    517      2.384017e+00      5.566009e-01      2.453284e-01      4.445391e-01
    518      2.593257e+00      5.417340e-01      2.632685e-01      4.439776e-01
    519      2.712714e+00      5.360503e-01      2.713739e-01      4.431711e-01
    520      2.788629e+00      5.343916e-01      2.761570e-01      4.424113e-01
    521      2.857491e+00      5.332979e-01      2.806568e-01      4.425226e-01
    522      2.928892e+00      5.327293e-01      2.844792e-01      4.427965e-01
    523      3.031778e+00      5.333498e-01      2.863860e-01      4.433499e-01
    524      3.133819e+00      5.360473e-01      2.912084e-01      4.444100e-01
    525      3.232923e+00      5.427070e-01      3.022725e-01      4.463654e-01
    526      3.374684e+00      5.514752e-01      3.150050e-01      4.481973e-01
    527      3.563666e+00      5.609590e-01      3.275413e-01      4.500292e-01
    528      3.781184e+00      5.717510e-01      3.409613e-01      4.534882e-01
    529      4.047579e+00      5.850002e-01      3.566651e-01      4.584393e-01
    530      4.389888e+00      5.981985e-01      3.743458e-01      4.622240e-01
    531      4.605018e+00      6.070658e-01      3.852048e-01      4.631617e-01
    532      3.173416e+00      6.729038e-01      3.245615e-01      4.693937e-01
    533      1.346115e+00      9.139049e-01      9.480617e-02      5.068245e-01
    534      1.000000e+00      1.000000e+00     -1.086224e-16      5.333000e-01
    535      1.000000e+00      1.000000e+00     -1.802477e-16      5.333000e-01
    536      1.000000e+00      1.000000e+00     -7.077091e-17      5.333000e-01
    537      1.000000e+00      1.000000e+00      1.105801e-16      5.333000e-01
    538      1.000000e+00      1.000000e+00      4.529805e-17      5.333000e-01
    539      1.000000e+00      1.000000e+00     -1.383933e-11      5.333000e-01
    540      1.000000e+00      1.000000e+00     -6.215518e-10      5.333000e-01
    541      1.000000e+00      1.000000e+00     -9.392231e-09      5.333000e-01
    542      1.000000e+00      1.000000e+00     -4.549074e-08      5.333000e-01
    543      1.000000e+00      1.000000e+00     -4.399263e-08      5.333000e-01
    544      1.000000e+00      1.000000e+00     -3.556476e-08      5.333000e-01
    545      1.000000e+00      1.000000e+00     -1.662041e-08      5.333000e-01
    546      1.000000e+00      1.000000e+00      1.345641e-16      5.333000e-01
    547      1.000000e+00      1.000000e+00      1.570167e-16      5.333000e-01
    548      1.000000e+00      1.000000e+00      3.881491e-17      5.333000e-01
    549      1.000000e+00      1.000000e+00      1.086927e-17      5.333000e-01
    550      1.000000e+00      1.000000e+00      8.744912e-17      5.333000e-01
    551      1.000000e+00      1.000000e+00      1.658640e-16      5.333000e-01
    552      1.000000e+00      1.000000e+00      1.829763e-16      5.333000e-01
    553      1.000000e+00      1.000000e+00      6.834603e-17      5.333000e-01
    554      1.000000e+00      1.000000e+00      4.685602e-18      5.333000e-01
    555      1.000000e+00      1.000000e+00     -5.398199e-17      5.333000e-01
    556      1.000000e+00      1.000000e+00     -1.036409e-16      5.333000e-01
    557      1.000000e+00      1.000000e+00     -1.387325e-16      5.333000e-01
    558      1.000000e+00      1.000000e+00     -1.119399e-16      5.333000e-01
    559      1.000000e+00      1.000000e+00     -4.684292e-17      5.333000e-01
    560      1.000000e+00      1.000000e+00      7.018200e-18      5.333000e-01
    561      1.000000e+00      1.000000e+00      5.089403e-17      5.333000e-01
    562      1.000000e+00      1.000000e+00     -1.403608e-17      5.333000e-01
    563      1.000000e+00      1.000000e+00     -2.788091e-17      5.333000e-01
    564      1.000000e+00      1.000000e+00      3.731515e-17      5.333000e-01
    565      1.000000e+00      1.000000e+00      6.156775e-18      5.333000e-01
    566      1.000000e+00      1.000000e+00     -5.049249e-17      5.333000e-01
    567      1.000000e+00      1.000000e+00     -8.608505e-17      5.333000e-01
    568      1.000000e+00      1.000000e+00     -1.177615e-16      5.333000e-01
    569      1.000000e+00      1.000000e+00     -2.427731e-18      5.333000e-01
    570      1.000000e+00      1.000000e+00      1.616412e-16      5.333000e-01
    571      1.000000e+00      1.000000e+00     -4.288796e-17      5.333000e-01
    572      1.000000e+00      1.000000e+00     -2.935702e-17      5.333000e-01
    573      1.000000e+00      1.000000e+00      8.190354e-17      5.333000e-01
    574      1.000000e+00      1.000000e+00      6.512930e-17      5.333000e-01
    575      1.000000e+00      1.000000e+00      3.242702e-17      5.333000e-01
    576      1.000000e+00      1.000000e+00     -3.969951e-17      5.333000e-01
    577      1.000000e+00      1.000000e+00     -1.123524e-16      5.333000e-01
    578      1.000000e+00      1.000000e+00     -2.944234e-17      5.333000e-01
    579      1.000000e+00      1.000000e+00      4.897877e-17      5.333000e-01
    580      1.000000e+00      1.000000e+00      1.739454e-17      5.333000e-01
    581      1.000000e+00      1.000000e+00      2.677326e-17      5.333000e-01
    582      1.000000e+00      1.000000e+00     -9.020826e-19      5.333000e-01
    583      1.000000e+00      1.000000e+00      4.646077e-18      5.333000e-01
    584      1.000000e+00      1.000000e+00      2.985529e-17      5.333000e-01
    585      1.000000e+00      1.000000e+00      1.936752e-16      5.333000e-01
    586      1.000000e+00      1.000000e+00      1.503735e-16      5.333000e-01
    587      1.000000e+00      1.000000e+00     -1.908982e-16      5.333000e-01
    588      1.000000e+00      1.000000e+00     -1.865939e-16      5.333000e-01
    589      1.000000e+00      1.000000e+00      1.776291e-17      5.333000e-01
    590      1.000000e+00      1.000000e+00     -9.643779e-18      5.333000e-01
    591      1.000000e+00      1.000000e+00      1.076388e-16      5.333000e-01
    592      1.000000e+00      1.000000e+00     -4.920670e-17      5.333000e-01
    593      1.000000e+00      1.000000e+00     -9.317136e-18      5.333000e-01
    594      1.000000e+00      1.000000e+00     -8.215098e-17      5.333000e-01
    595      1.000000e+00      1.000000e+00     -5.839412e-17      5.333000e-01
    596      1.000000e+00      1.000000e+00      3.139387e-17      5.333000e-01
    597      1.000000e+00      1.000000e+00      1.102637e-16      5.333000e-01
    598      1.000000e+00      1.000000e+00     -1.927083e-17      5.333000e-01
    599      1.000000e+00      1.000000e+00     -1.643972e-16      5.333000e-01
    600      1.208552e+00      9.054601e-01      5.489442e-02      5.038731e-01
    601      2.237935e+00      5.419430e-01      1.273001e-01      4.335623e-01
    602      2.191273e+00      5.572386e-01      1.073565e-01      4.444645e-01
    603      3.937580e+00      2.947741e-01      1.286771e-01      4.087942e-01
    604      4.564609e+00      1.738797e-01      1.013316e-01      4.053184e-01
    605      4.745423e+00      1.175531e-01      6.105046e-02      4.034176e-01
    606      4.855279e+00      7.393510e-02      4.419375e-02      4.038829e-01
    607      4.863815e+00      5.535204e-02      6.406788e-02      4.038499e-01
    608      4.889495e+00      8.435867e-02      9.040803e-02      4.051979e-01
    609      4.914518e+00      1.130651e-01      1.188962e-01      4.060831e-01
    610      4.932271e+00      1.281108e-01      1.367050e-01      4.055483e-01
    611      4.906528e+00      1.418649e-01      1.518422e-01      4.059881e-01
    612      4.933545e+00      1.721578e-01      1.780442e-01      4.064297e-01
    613      5.029726e+00      2.150858e-01      2.127590e-01      4.085841e-01
    614      5.111107e+00      2.528653e-01      2.432255e-01      4.105057e-01
    615      5.012115e+00      2.679429e-01      2.516267e-01      4.114728e-01
    616      4.884787e+00      2.875107e-01      2.608278e-01      4.130892e-01
    617      4.709571e+00      3.088290e-01      2.763529e-01      4.151233e-01
    618      4.590944e+00      3.250371e-01      2.915828e-01      4.168409e-01
    619      4.538403e+00      3.322273e-01      2.981101e-01      4.178784e-01
    620      4.475146e+00      3.450351e-01      3.029640e-01      4.196550e-01
    621      4.032623e+00      3.785044e-01      3.064466e-01      4.253596e-01
    622      3.808748e+00      4.098565e-01      3.083010e-01      4.288379e-01
    623      3.439485e+00      4.430954e-01      3.020640e-01      4.329227e-01
    624      3.307801e+00      4.622109e-01      2.961608e-01      4.340126e-01
    625      3.194635e+00      4.768462e-01      2.895606e-01      4.353546e-01
    626      3.054306e+00      4.917843e-01      2.833643e-01      4.372435e-01
    627      2.891493e+00      5.066775e-01      2.764438e-01      4.392828e-01
    628      2.713521e+00      5.224435e-01      2.672680e-01      4.409968e-01
    629      2.814285e+00      5.220323e-01      2.750497e-01      4.411496e-01
    630      2.863840e+00      5.235427e-01      2.794045e-01      4.409689e-01
    631      2.923649e+00      5.235476e-01      2.837082e-01      4.412473e-01
    632      2.983070e+00      5.232854e-01      2.875343e-01      4.415246e-01
    633      3.058411e+00      5.244082e-01      2.919692e-01      4.423741e-01
    634      3.168823e+00      5.257463e-01      2.941523e-01      4.430472e-01
    635      3.294142e+00      5.308427e-01      3.005713e-01      4.445527e-01
    636      3.428271e+00      5.394095e-01      3.135046e-01      4.465618e-01
    637      3.606705e+00      5.488348e-01      3.275374e-01      4.481512e-01
    638      3.819685e+00      5.589555e-01      3.412287e-01      4.510453e-01
    639      4.072348e+00      5.717186e-01      3.565774e-01      4.561601e-01
    640      4.423992e+00      5.868476e-01      3.743439e-01      4.608672e-01
    641      4.667206e+00      6.040491e-01      3.834372e-01      4.615710e-01
    642      3.043195e+00      6.736742e-01      3.199930e-01      4.695382e-01
    643      1.220274e+00      9.380242e-01      6.480217e-02      5.131113e-01
    644      1.000000e+00      1.000000e+00     -5.459993e-17      5.333000e-01
    645      1.000000e+00      1.000000e+00     -1.058269e-16      5.333000e-01
    646      1.000000e+00      1.000000e+00     -2.071104e-16      5.333000e-01
    647      1.000000e+00      1.000000e+00     -2.215564e-17      5.333000e-01
    648      1.000000e+00      1.000000e+00     -4.439655e-17      5.333000e-01
    649      1.000000e+00      1.000000e+00     -7.366895e-17      5.333000e-01
    650      1.000000e+00      1.000000e+00     -1.639555e-11      5.333000e-01
    651      1.000000e+00      1.000000e+00     -7.480803e-10      5.333000e-01
    652      1.000000e+00      1.000000e+00     -9.867589e-09      5.333000e-01
    653      1.000000e+00      1.000000e+00     -8.008944e-09      5.333000e-01
    654      1.000000e+00      1.000000e+00     -4.144225e-09      5.333000e-01
    655      1.000000e+00      1.000000e+00      1.403342e-16      5.333000e-01
    656      1.000000e+00      1.000000e+00      1.790017e-16      5.333000e-01
    657      1.000000e+00      1.000000e+00      1.148239e-16      5.333000e-01
    658      1.000000e+00      1.000000e+00      2.047927e-17      5.333000e-01
    659      1.000000e+00      1.000000e+00      1.676850e-17      5.333000e-01
    660      1.000000e+00      1.000000e+00     -7.711942e-18      5.333000e-01
    661      1.000000e+00      1.000000e+00      2.035558e-17      5.333000e-01
    662      1.000000e+00      1.000000e+00      7.451640e-18      5.333000e-01
    663      1.000000e+00      1.000000e+00      3.837000e-18      5.333000e-01
    664      1.000000e+00      1.000000e+00      1.513782e-17      5.333000e-01
    665      1.000000e+00      1.000000e+00      1.462242e-17      5.333000e-01
    666      1.000000e+00      1.000000e+00      2.706918e-17      5.333000e-01
    667      1.000000e+00      1.000000e+00     -3.536028e-17      5.333000e-01
    668      1.000000e+00      1.000000e+00     -6.655649e-17      5.333000e-01
    669      1.000000e+00      1.000000e+00      2.636914e-17      5.333000e-01
    670      1.000000e+00      1.000000e+00      4.594642e-17      5.333000e-01
    671      1.000000e+00      1.000000e+00      7.361678e-18      5.333000e-01
    672      1.000000e+00      1.000000e+00      4.114683e-17      5.333000e-01
    673      1.000000e+00      1.000000e+00      1.630514e-17      5.333000e-01
    674      1.000000e+00      1.000000e+00     -1.274235e-16      5.333000e-01
    675      1.000000e+00      1.000000e+00     -1.691857e-16      5.333000e-01
    676      1.000000e+00      1.000000e+00     -9.989360e-17      5.333000e-01
    677      1.000000e+00      1.000000e+00      4.481661e-18      5.333000e-01
    678      1.000000e+00      1.000000e+00      1.067933e-16      5.333000e-01
    679      1.000000e+00      1.000000e+00      3.853504e-17      5.333000e-01
    680      1.000000e+00      1.000000e+00      7.498097e-17      5.333000e-01
    681      1.000000e+00      1.000000e+00      4.496319e-17      5.333000e-01
    682      1.000000e+00      1.000000e+00      8.042893e-17      5.333000e-01
    683      1.000000e+00      1.000000e+00      3.323212e-17      5.333000e-01
    684      1.000000e+00      1.000000e+00     -1.085832e-16      5.333000e-01
    685      1.000000e+00      1.000000e+00     -1.118474e-16      5.333000e-01
    686      1.000000e+00      1.000000e+00     -8.343346e-17      5.333000e-01
    687      1.000000e+00      1.000000e+00     -1.640612e-17      5.333000e-01
    688      1.000000e+00      1.000000e+00      6.386315e-17      5.333000e-01
    689      1.000000e+00      1.000000e+00      8.090713e-17      5.333000e-01
    690      1.000000e+00      1.000000e+00     -3.341985e-17      5.333000e-01
    691      1.000000e+00      1.000000e+00     -5.452963e-18      5.333000e-01
    692      1.000000e+00      1.000000e+00      1.134018e-16      5.333000e-01
    693      1.000000e+00      1.000000e+00      2.411986e-16      5.333000e-01
    694      1.000000e+00      1.000000e+00      8.748464e-17      5.333000e-01
    695      1.000000e+00      1.000000e+00     -2.265099e-16      5.333000e-01
    696      1.000000e+00      1.000000e+00     -1.732102e-16      5.333000e-01
    697      1.000000e+00      1.000000e+00     -3.664830e-18      5.333000e-01
    698      1.000000e+00      1.000000e+00     -2.483682e-17      5.333000e-01
    699      1.000000e+00      1.000000e+00      2.676918e-17      5.333000e-01
    700      1.000000e+00      1.000000e+00     -1.519397e-17      5.333000e-01
    701      1.000000e+00      1.000000e+00     -4.199641e-17      5.333000e-01
    702      1.000000e+00      1.000000e+00     -5.839269e-17      5.333000e-01
    703      1.000000e+00      1.000000e+00     -2.655324e-17      5.333000e-01
    704      1.000000e+00      1.000000e+00      3.872700e-17      5.333000e-01
    705      1.000000e+00      1.000000e+00      1.788062e-16      5.333000e-01
    706      1.000000e+00      1.000000e+00     -7.270469e-17      5.333000e-01
    707      1.552381e+00      7.850744e-01      1.222426e-01      4.760341e-01
    708      3.030095e+00      4.353983e-01      1.868922e-01      4.161673e-01
    709      4.174736e+00      2.515535e-01      1.577486e-01      4.066118e-01
    710      4.818639e+00      1.604968e-01      1.231632e-01      4.063477e-01
    711      4.870445e+00      1.073213e-01      9.060810e-02      4.045742e-01
    712      4.950339e+00      1.360740e-01      1.286468e-01      4.054084e-01
    713      5.027113e+00      1.477601e-01      1.478675e-01      4.035411e-01
    714      5.116679e+00      1.776012e-01      1.707853e-01      4.042442e-01
    715      5.145855e+00      1.973751e-01      1.901937e-01      4.051075e-01
    716      5.293540e+00      2.428508e-01      2.274350e-01      4.085323e-01
    717      5.345803e+00      2.726983e-01      2.619075e-01      4.107882e-01
    718      5.371054e+00      2.754253e-01      2.692574e-01      4.095864e-01
    719      5.307386e+00      2.779433e-01      2.661785e-01      4.096837e-01
    720      5.227031e+00      2.887160e-01      2.668312e-01      4.108020e-01
    721      5.028652e+00      3.058263e-01      2.758870e-01      4.129390e-01
    722      4.794355e+00      3.236163e-01      2.925089e-01      4.162080e-01
    723      4.635674e+00      3.348520e-01      3.039892e-01      4.185213e-01
    724      4.612382e+00      3.380819e-01      3.044970e-01      4.189487e-01
    725      4.540080e+00      3.470562e-01      3.033504e-01      4.198178e-01
    726      4.218073e+00      3.732598e-01      3.068161e-01      4.229803e-01
    727      3.998294e+00      3.981135e-01      3.104966e-01      4.264370e-01
    728      3.677679e+00      4.316095e-01      3.058172e-01      4.304238e-01
    729      3.454312e+00      4.594957e-01      2.988137e-01      4.335743e-01
    730      3.258115e+00      4.801967e-01      2.921254e-01      4.357525e-01
    731      3.089119e+00      4.973771e-01      2.866171e-01      4.378510e-01
    732      2.929481e+00      5.114609e-01      2.802848e-01      4.397139e-01
    733      2.930674e+00      5.158216e-01      2.820072e-01      4.400848e-01
    734      2.989790e+00      5.143194e-01      2.867827e-01      4.401415e-01
    735      3.045925e+00      5.137857e-01      2.900928e-01      4.402734e-01
    736      3.115360e+00      5.149535e-01      2.949611e-01      4.411669e-01
    737      3.197159e+00      5.156356e-01      2.994718e-01      4.419340e-01
    738      3.331561e+00      5.190767e-01      3.032291e-01      4.430677e-01
    739      3.496558e+00      5.264619e-01      3.118940e-01      4.448624e-01
    740      3.675480e+00      5.358890e-01      3.264359e-01      4.462561e-01
    741      3.878514e+00      5.456398e-01      3.415331e-01      4.485771e-01
    742      4.113396e+00      5.576657e-01      3.568824e-01      4.535906e-01
    743      4.443954e+00      5.734926e-01      3.747771e-01      4.593398e-01
    744      4.639294e+00      6.010021e-01      3.798427e-01      4.601702e-01
    745      2.884478e+00      6.827159e-01      3.131565e-01      4.715743e-01
    746      1.088168e+00      9.697678e-01      2.713563e-02      5.226233e-01
    747      1.000000e+00      1.000000e+00      3.281339e-17      5.333000e-01
    748      1.000000e+00      1.000000e+00      5.015380e-17      5.333000e-01
    749      1.000000e+00      1.000000e+00     -7.897550e-17      5.333000e-01
    750      1.000000e+00      1.000000e+00     -1.062173e-16      5.333000e-01
    751      1.000000e+00      1.000000e+00     -3.106960e-17      5.333000e-01
    752      1.000000e+00      1.000000e+00     -1.472618e-16      5.333000e-01
    753      1.000000e+00      1.000000e+00     -1.418848e-16      5.333000e-01
    754      1.000000e+00      1.000000e+00     -2.042897e-11      5.333000e-01
    755      1.000000e+00      1.000000e+00     -9.841761e-10      5.333000e-01
    756      1.000000e+00      1.000000e+00     -7.111648e-10      5.333000e-01
    757      1.000000e+00      1.000000e+00     -3.371825e-17      5.333000e-01
    758      1.000000e+00      1.000000e+00     -3.751463e-17      5.333000e-01
    759      1.000000e+00      1.000000e+00     -9.374837e-18      5.333000e-01
    760      1.000000e+00      1.000000e+00      5.073367e-17      5.333000e-01
    761      1.000000e+00      1.000000e+00      4.991753e-17      5.333000e-01
    762      1.000000e+00      1.000000e+00      3.983614e-17      5.333000e-01
    763      1.000000e+00      1.000000e+00      7.356332e-17      5.333000e-01
    764      1.000000e+00      1.000000e+00      6.213842e-17      5.333000e-01
    765      1.000000e+00      1.000000e+00      1.549752e-17      5.333000e-01
    766      1.000000e+00      1.000000e+00     -2.011080e-17      5.333000e-01
    767      1.000000e+00      1.000000e+00      1.064881e-16      5.333000e-01
    768      1.000000e+00      1.000000e+00      2.259250e-16      5.333000e-01
    769      1.000000e+00      1.000000e+00      1.972521e-16      5.333000e-01
    770      1.000000e+00      1.000000e+00      1.710850e-16      5.333000e-01
    771      1.000000e+00      1.000000e+00      5.713387e-17      5.333000e-01
    772      1.000000e+00      1.000000e+00     -3.627400e-17      5.333000e-01
    773      1.000000e+00      1.000000e+00     -9.587041e-17      5.333000e-01
    774      1.000000e+00      1.000000e+00     -1.974946e-16      5.333000e-01
    775      1.000000e+00      1.000000e+00     -9.630138e-17      5.333000e-01
    776      1.000000e+00      1.000000e+00     -1.158241e-16      5.333000e-01
    777      1.000000e+00      1.000000e+00      4.286943e-17      5.333000e-01
    778      1.000000e+00      1.000000e+00      1.173616e-16      5.333000e-01
    779      1.000000e+00      1.000000e+00      1.547211e-16      5.333000e-01
    780      1.000000e+00      1.000000e+00      4.493982e-17      5.333000e-01
    781      1.000000e+00      1.000000e+00     -3.932841e-17      5.333000e-01
    782      1.000000e+00      1.000000e+00     -2.888285e-17      5.333000e-01
    783      1.000000e+00      1.000000e+00     -3.365203e-17      5.333000e-01
    784      1.000000e+00      1.000000e+00     -4.094351e-17      5.333000e-01
    785      1.000000e+00      1.000000e+00     -6.572080e-17      5.333000e-01
    786      1.000000e+00      1.000000e+00     -1.052375e-16      5.333000e-01
    787      1.000000e+00      1.000000e+00      1.279290e-17      5.333000e-01
    788      1.000000e+00      1.000000e+00      1.192744e-16      5.333000e-01
    789      1.000000e+00      1.000000e+00      3.725089e-17      5.333000e-01
    790      1.000000e+00      1.000000e+00      5.662325e-19      5.333000e-01
    791      1.000000e+00      1.000000e+00      9.699340e-17      5.333000e-01
    792      1.000000e+00      1.000000e+00      1.828050e-16      5.333000e-01
    793      1.000000e+00      1.000000e+00      2.524402e-16      5.333000e-01
    794      1.000000e+00      1.000000e+00      1.146200e-16      5.333000e-01
    795      1.000000e+00      1.000000e+00     -2.717651e-16      5.333000e-01
    796      1.000000e+00      1.000000e+00     -1.830622e-16      5.333000e-01
    797      1.000000e+00      1.000000e+00      7.960842e-18      5.333000e-01
    798      1.000000e+00      1.000000e+00      1.054026e-17      5.333000e-01
    799      1.000000e+00      1.000000e+00      5.225925e-17      5.333000e-01
    800      1.000000e+00      1.000000e+00     -8.962750e-17      5.333000e-01
    801      1.000000e+00      1.000000e+00     -8.426829e-17      5.333000e-01
    802      1.000000e+00      1.000000e+00     -6.263844e-17      5.333000e-01
    803      1.000000e+00      1.000000e+00     -1.976066e-17      5.333000e-01
    804      1.000000e+00      1.000000e+00      7.228150e-17      5.333000e-01
    805      1.469776e+00      7.801131e-01      1.023137e-01      4.805100e-01
    806      2.862093e+00      5.284221e-01      2.198293e-01      4.401140e-01
    807      4.281814e+00      3.209431e-01      2.161920e-01      4.087870e-01
    808      4.758094e+00      2.370517e-01      1.793744e-01      4.044653e-01
    809      5.003754e+00      1.793623e-01      1.582478e-01      4.042314e-01
    810      5.104083e+00      1.772034e-01      1.715968e-01      4.011198e-01
    811      5.308839e+00      2.094343e-01      1.912988e-01      4.033047e-01
    812      5.332699e+00      2.300860e-01      2.127068e-01      4.051967e-01
    813      5.539152e+00      2.606481e-01      2.411089e-01      4.085539e-01
    814      5.586943e+00      2.934948e-01      2.725219e-01      4.114488e-01
    815      5.364856e+00      2.751240e-01      2.777339e-01      4.091617e-01
    816      5.414124e+00      2.673631e-01      2.612783e-01      4.080414e-01
    817      5.357662e+00      2.799615e-01      2.630715e-01      4.094989e-01
    818      5.278995e+00      2.918536e-01      2.643842e-01      4.110306e-01
    819      5.027569e+00      3.140288e-01      2.807809e-01      4.147140e-01
    820      4.753173e+00      3.321824e-01      3.020373e-01      4.186624e-01
    821      4.664694e+00      3.352678e-01      3.066406e-01      4.192742e-01
    822      4.673806e+00      3.364337e-01      3.016902e-01      4.190948e-01
    823      4.583786e+00      3.460591e-01      3.026671e-01      4.205052e-01
    824      4.351535e+00      3.654504e-01      3.076584e-01      4.225430e-01
    825      4.334113e+00      3.684521e-01      3.088599e-01      4.237992e-01
    826      4.059696e+00      3.968805e-01      3.086630e-01      4.269429e-01
    827      3.741955e+00      4.332255e-01      3.036723e-01      4.306442e-01
    828      3.478746e+00      4.612462e-01      2.997519e-01      4.339010e-01
    829      3.262463e+00      4.834385e-01      2.944939e-01      4.362503e-01
    830      3.084334e+00      5.025156e-01      2.893421e-01      4.385861e-01
    831      3.124106e+00      5.031390e-01      2.931351e-01      4.389294e-01
    832      3.190222e+00      5.046046e-01      2.978708e-01      4.398756e-01
    833      3.263738e+00      5.045053e-01      3.022768e-01      4.405107e-01
    834      3.364827e+00      5.070531e-01      3.082878e-01      4.416935e-01
    835      3.541624e+00      5.130127e-01      3.146507e-01      4.435002e-01
    836      3.763171e+00      5.218661e-01      3.251516e-01      4.443867e-01
    837      3.970294e+00      5.316757e-01      3.407765e-01      4.460487e-01
    838      4.177798e+00      5.429686e-01      3.571522e-01      4.507364e-01
    839      4.475721e+00      5.592728e-01      3.754635e-01      4.575764e-01
    840      4.506966e+00      5.955517e-01      3.736583e-01      4.586037e-01
    841      2.712355e+00      6.950585e-01      3.005309e-01      4.729870e-01
    842      1.000000e+00      1.000000e+00     -2.327857e-18      5.333000e-01
    843      1.000000e+00      1.000000e+00      5.886930e-18      5.333000e-01
    844      1.000000e+00      1.000000e+00      1.235491e-16      5.333000e-01
    845      1.000000e+00      1.000000e+00      1.086548e-16      5.333000e-01
    846      1.000000e+00      1.000000e+00     -3.133579e-17      5.333000e-01
    847      1.000000e+00      1.000000e+00     -5.336481e-17      5.333000e-01
    848      1.000000e+00      1.000000e+00     -7.073034e-17      5.333000e-01
    849      1.000000e+00      1.000000e+00     -2.082073e-16      5.333000e-01
    850      1.000000e+00      1.000000e+00     -6.248342e-17      5.333000e-01
    851      1.000000e+00      1.000000e+00     -1.694170e-11      5.333000e-01
    852      1.000000e+00      1.000000e+00     -1.123116e-16      5.333000e-01
    853      1.000000e+00      1.000000e+00     -1.575576e-16      5.333000e-01
    854      1.000000e+00      1.000000e+00      1.331661e-17      5.333000e-01
    855      1.000000e+00      1.000000e+00      1.541340e-16      5.333000e-01
    856      1.000000e+00      1.000000e+00      1.728253e-16      5.333000e-01
    857      1.000000e+00      1.000000e+00      1.604418e-16      5.333000e-01
    858      1.000000e+00      1.000000e+00      1.292907e-16      5.333000e-01
    859      1.000000e+00      1.000000e+00      6.224591e-17      5.333000e-01
    860      1.000000e+00      1.000000e+00     -5.478859e-17      5.333000e-01
    861      1.000000e+00      1.000000e+00     -3.765290e-17      5.333000e-01
    862      1.000000e+00      1.000000e+00      6.553065e-17      5.333000e-01
    863      1.000000e+00      1.000000e+00      7.080856e-17      5.333000e-01
    864      1.000000e+00      1.000000e+00      1.316774e-16      5.333000e-01
    865      1.000000e+00      1.000000e+00     -1.344691e-16      5.333000e-01
    866      1.000000e+00      1.000000e+00     -1.789357e-16      5.333000e-01
    867      1.000000e+00      1.000000e+00     -1.617809e-16      5.333000e-01
    868      1.000000e+00      1.000000e+00     -8.002685e-17      5.333000e-01
    869      1.000000e+00      1.000000e+00      2.965030e-17      5.333000e-01
    870      1.000000e+00      1.000000e+00      1.065257e-16      5.333000e-01
    871      1.000000e+00      1.000000e+00      1.156240e-16      5.333000e-01
    872      1.000000e+00      1.000000e+00      1.818227e-16      5.333000e-01
    873      1.000000e+00      1.000000e+00      2.887421e-17      5.333000e-01
    874      1.000000e+00      1.000000e+00     -1.430516e-16      5.333000e-01
    875      1.000000e+00      1.000000e+00     -1.238786e-16      5.333000e-01
    876      1.000000e+00      1.000000e+00     -1.952905e-17      5.333000e-01
    877      1.000000e+00      1.000000e+00      6.350813e-17      5.333000e-01
    878      1.000000e+00      1.000000e+00     -1.328200e-17      5.333000e-01
    879      1.000000e+00      1.000000e+00     -7.264408e-17      5.333000e-01
    880      1.000000e+00      1.000000e+00     -1.045026e-17      5.333000e-01
    881      1.000000e+00      1.000000e+00      3.728934e-17      5.333000e-01
    882      1.000000e+00      1.000000e+00      4.020464e-17      5.333000e-01
    883      1.000000e+00      1.000000e+00      9.440105e-17      5.333000e-01
    884      1.000000e+00      1.000000e+00      6.808308e-17      5.333000e-01
    885      1.000000e+00      1.000000e+00      2.261949e-16      5.333000e-01
    886      1.000000e+00      1.000000e+00      2.470161e-16      5.333000e-01
    887      1.000000e+00      1.000000e+00      3.125701e-17      5.333000e-01
    888      1.000000e+00      1.000000e+00     -3.131896e-16      5.333000e-01
    889      1.000000e+00      1.000000e+00     -1.519849e-16      5.333000e-01
    890      1.000000e+00      1.000000e+00      2.831725e-17      5.333000e-01
    891      1.000000e+00      1.000000e+00      3.392346e-17      5.333000e-01
    892      1.000000e+00      1.000000e+00     -2.335953e-17      5.333000e-01
    893      1.000000e+00      1.000000e+00     -4.299048e-17      5.333000e-01
    894      1.000000e+00      1.000000e+00     -4.449849e-17      5.333000e-01
    895      1.520039e+00      7.812325e-01      1.214727e-01      4.819534e-01
    896      2.287121e+00      5.200884e-01      1.385657e-01      4.381267e-01
    897      3.178040e+00      4.426035e-01      2.139483e-01      4.270340e-01
    898      4.476733e+00      3.814584e-01      2.722356e-01      4.198815e-01
    899      5.396391e+00      2.887570e-01      2.437671e-01      4.103029e-01
    900      5.643995e+00      2.786627e-01      2.569485e-01      4.107681e-01
    901      5.677246e+00      3.073802e-01      2.729807e-01      4.114053e-01
    902      4.966004e+00      3.006847e-01      2.357412e-01      4.090455e-01
    903      5.077701e+00      2.685460e-01      2.686355e-01      4.102408e-01
    904      5.176450e+00      2.841516e-01      2.681341e-01      4.097371e-01
    905      5.556310e+00      2.791446e-01      2.624469e-01      4.102944e-01
    906      5.372368e+00      2.872417e-01      2.692188e-01      4.122781e-01
    907      5.369257e+00      2.989743e-01      2.662074e-01      4.135448e-01
    908      4.940698e+00      3.277056e-01      2.954773e-01      4.187639e-01
    909      4.654346e+00      3.337570e-01      3.110012e-01      4.205070e-01
    910      4.728088e+00      3.273989e-01      2.989376e-01      4.193138e-01
    911      4.699772e+00      3.354466e-01      2.980424e-01      4.203549e-01
    912      4.592537e+00      3.485391e-01      3.045113e-01      4.223575e-01
    913      4.395863e+00      3.684543e-01      3.114949e-01      4.250069e-01
    914      4.357911e+00      3.838830e-01      3.086443e-01      4.264341e-01
    915      4.108175e+00      4.018498e-01      3.062964e-01      4.280817e-01
    916      3.827009e+00      4.345608e-01      3.101222e-01      4.325441e-01
    917      3.468318e+00      4.677380e-01      3.039747e-01      4.355369e-01
    918      3.262513e+00      4.878136e-01      2.977274e-01      4.372949e-01
    919      3.291990e+00      4.922995e-01      3.019723e-01      4.385554e-01
    920      3.335653e+00      4.943250e-01      3.044111e-01      4.392515e-01
    921      3.433271e+00      4.945329e-01      3.104589e-01      4.399896e-01
    922      3.584405e+00      4.987325e-01      3.198855e-01      4.421984e-01
    923      3.826257e+00      5.070214e-01      3.282308e-01      4.429613e-01
    924      4.087457e+00      5.170914e-01      3.396319e-01      4.435942e-01
    925      4.279506e+00      5.277849e-01      3.560588e-01      4.475801e-01
    926      4.527080e+00      5.445307e-01      3.760198e-01      4.554375e-01
    927      4.328541e+00      5.911115e-01      3.656512e-01      4.572204e-01
    928      2.519122e+00      7.100228e-01      2.804517e-01      4.731732e-01
    929      1.000000e+00      1.000000e+00     -2.431471e-16      5.333000e-01
    930      1.000000e+00      1.000000e+00     -1.064921e-16      5.333000e-01
    931      1.000000e+00      1.000000e+00      1.542325e-16      5.333000e-01
    932      1.000000e+00      1.000000e+00      2.045689e-16      5.333000e-01
    933      1.000000e+00      1.000000e+00      7.409595e-17      5.333000e-01
    934      1.000000e+00      1.000000e+00     -4.441985e-17      5.333000e-01
    935      1.000000e+00      1.000000e+00     -6.324089e-17      5.333000e-01
    936      1.000000e+00      1.000000e+00     -1.538206e-16      5.333000e-01
    937      1.000000e+00      1.000000e+00     -8.208897e-17      5.333000e-01
    938      1.000000e+00      1.000000e+00     -5.201117e-17      5.333000e-01
    939      1.000000e+00      1.000000e+00     -1.014256e-16      5.333000e-01
    940      1.000000e+00      1.000000e+00     -1.903036e-17      5.333000e-01
    941      1.000000e+00      1.000000e+00      5.197975e-17      5.333000e-01
    942      1.000000e+00      1.000000e+00      2.479903e-17      5.333000e-01
    943      1.000000e+00      1.000000e+00      1.933454e-17      5.333000e-01
    944      1.000000e+00      1.000000e+00      2.141550e-17      5.333000e-01
    945      1.000000e+00      1.000000e+00      4.081612e-17      5.333000e-01
    946      1.000000e+00      1.000000e+00      1.391451e-16      5.333000e-01
    947      1.000000e+00      1.000000e+00      8.713226e-17      5.333000e-01
    948      1.000000e+00      1.000000e+00     -7.805906e-17      5.333000e-01
    949      1.000000e+00      1.000000e+00     -1.463831e-16      5.333000e-01
    950      1.000000e+00      1.000000e+00     -1.873912e-16      5.333000e-01
    951      1.000000e+00      1.000000e+00     -1.487777e-16      5.333000e-01
    952      1.000000e+00      1.000000e+00     -8.963516e-17      5.333000e-01
    953      1.000000e+00      1.000000e+00      1.282717e-16      5.333000e-01
    954      1.000000e+00      1.000000e+00      9.646345e-17      5.333000e-01
    955      1.000000e+00      1.000000e+00      9.741051e-17      5.333000e-01
    956      1.000000e+00      1.000000e+00      1.102875e-16      5.333000e-01
    957      1.000000e+00      1.000000e+00     -1.093840e-16      5.333000e-01
    958      1.000000e+00      1.000000e+00     -1.759886e-16      5.333000e-01
    959      1.000000e+00      1.000000e+00     -1.051193e-16      5.333000e-01
    960      1.000000e+00      1.000000e+00      9.129091e-17      5.333000e-01
    961      1.000000e+00      1.000000e+00      1.856632e-16      5.333000e-01
    962      1.000000e+00      1.000000e+00      8.460320e-17      5.333000e-01
    963      1.000000e+00      1.000000e+00     -1.183874e-16      5.333000e-01
    964      1.000000e+00      1.000000e+00     -1.332837e-16      5.333000e-01
    965      1.000000e+00      1.000000e+00     -2.881808e-17      5.333000e-01
    966      1.000000e+00      1.000000e+00      1.782591e-16      5.333000e-01
    967      1.000000e+00      1.000000e+00     -1.740956e-17      5.333000e-01
    968      1.000000e+00      1.000000e+00      1.198608e-16      5.333000e-01
    969      1.000000e+00      1.000000e+00      2.857486e-16      5.333000e-01
    970      1.000000e+00      1.000000e+00      2.739388e-16      5.333000e-01
    971      1.000000e+00      1.000000e+00      2.057630e-18      5.333000e-01
    972      1.000000e+00      1.000000e+00     -3.364504e-16      5.333000e-01
    973      1.000000e+00      1.000000e+00     -1.506160e-16      5.333000e-01
    974      1.000000e+00      1.000000e+00     -6.858346e-18      5.333000e-01
    975      1.000000e+00      1.000000e+00      8.665452e-18      5.333000e-01
    976      1.293605e+00      8.694471e-01      6.784116e-02      4.948298e-01
    977      2.142316e+00      5.910451e-01      1.542934e-01      4.480562e-01
    978      2.910952e+00      5.010725e-01      2.452819e-01      4.378300e-01
    979      3.885953e+00      3.599088e-01      2.365011e-01      4.180900e-01
    980      4.995294e+00      3.234775e-01      2.503012e-01      4.134084e-01
    981      5.356749e+00      2.879363e-01      2.672816e-01      4.149810e-01
    982      5.289825e+00      3.077037e-01      2.711198e-01      4.141805e-01
    983      5.383495e+00      3.113515e-01      2.674130e-01      4.149021e-01
    984      4.681704e+00      3.195753e-01      2.966897e-01      4.188882e-01
    985      4.585982e+00      3.223197e-01      2.979524e-01      4.198180e-01
    986      4.814256e+00      3.309422e-01      2.939739e-01      4.198844e-01
    987      4.764730e+00      3.505288e-01      3.080751e-01      4.230332e-01
    988      4.675565e+00      3.653863e-01      3.208059e-01      4.261556e-01
    989      4.636200e+00      3.854823e-01      3.226593e-01      4.282740e-01
    990      4.604807e+00      4.042106e-01      3.256606e-01      4.308275e-01
    991      4.287592e+00      4.053756e-01      3.165106e-01      4.300618e-01
    992      4.120351e+00      4.292724e-01      3.275105e-01      4.342428e-01
    993      3.738716e+00      4.548767e-01      3.186161e-01      4.363289e-01
    994      3.467985e+00      4.763143e-01      3.085595e-01      4.372497e-01
    995      3.489718e+00      4.832936e-01      3.107736e-01      4.384040e-01
    996      3.673816e+00      4.831179e-01      3.222661e-01      4.403057e-01
    997      3.886523e+00      4.912641e-01      3.338215e-01      4.416852e-01
    998      4.174442e+00      5.025253e-01      3.429172e-01      4.417948e-01
    999      4.412360e+00      5.122904e-01      3.537508e-01      4.442975e-01
   1000      4.616896e+00      5.298034e-01      3.748038e-01      4.526494e-01
   1001      4.103842e+00      5.882359e-01      3.555375e-01      4.561243e-01
   1002      2.269664e+00      7.345532e-01      2.519607e-01      4.748797e-01
   1003      1.000000e+00      1.000000e+00     -2.658695e-17      5.333000e-01
   1004      1.000000e+00      1.000000e+00     -2.185020e-16      5.333000e-01
   1005      1.000000e+00      1.000000e+00     -1.020616e-17      5.333000e-01
   1006      1.000000e+00      1.000000e+00      2.782188e-16      5.333000e-01
   1007      1.000000e+00      1.000000e+00      1.876283e-16      5.333000e-01
   1008      1.000000e+00      1.000000e+00      3.309706e-17      5.333000e-01
   1009      1.000000e+00      1.000000e+00     -5.077228e-17      5.333000e-01
   1010      1.000000e+00      1.000000e+00     -1.138087e-16      5.333000e-01
   1011      1.000000e+00      1.000000e+00     -9.628954e-17      5.333000e-01
   1012      1.000000e+00      1.000000e+00     -2.141244e-17      5.333000e-01
   1013      1.000000e+00      1.000000e+00     -1.018743e-16      5.333000e-01
   1014      1.000000e+00      1.000000e+00     -8.262864e-17      5.333000e-01
   1015      1.000000e+00      1.000000e+00     -1.968511e-16      5.333000e-01
   1016      1.000000e+00      1.000000e+00     -2.266495e-16      5.333000e-01
   1017      1.000000e+00      1.000000e+00     -6.902021e-17      5.333000e-01
   1018      1.000000e+00      1.000000e+00      2.494761e-17      5.333000e-01
   1019      1.000000e+00      1.000000e+00      1.427080e-16      5.333000e-01
   1020      1.000000e+00      1.000000e+00      1.818529e-16      5.333000e-01
   1021      1.000000e+00      1.000000e+00      2.606044e-17      5.333000e-01
   1022      1.000000e+00      1.000000e+00     -1.077798e-16      5.333000e-01
   1023      1.000000e+00      1.000000e+00     -1.376880e-16      5.333000e-01
   1024      1.000000e+00      1.000000e+00     -1.686304e-16      5.333000e-01
   1025      1.000000e+00      1.000000e+00      7.584614e-17      5.333000e-01
   1026      1.000000e+00      1.000000e+00      1.290426e-16      5.333000e-01
   1027      1.000000e+00      1.000000e+00      7.978519e-17      5.333000e-01
   1028      1.000000e+00      1.000000e+00     -2.472759e-17      5.333000e-01
   1029      1.000000e+00      1.000000e+00     -1.126523e-16      5.333000e-01
   1030      1.000000e+00      1.000000e+00     -1.689530e-16      5.333000e-01
   1031      1.000000e+00      1.000000e+00     -6.050926e-17      5.333000e-01
   1032      1.000000e+00      1.000000e+00      5.057392e-17      5.333000e-01
   1033      1.000000e+00      1.000000e+00      2.458029e-16      5.333000e-01
   1034      1.000000e+00      1.000000e+00      1.167010e-16      5.333000e-01
   1035      1.000000e+00      1.000000e+00     -1.117244e-16      5.333000e-01
   1036      1.000000e+00      1.000000e+00     -2.025018e-16      5.333000e-01
   1037      1.000000e+00      1.000000e+00      1.595756e-17      5.333000e-01
   1038      1.000000e+00      1.000000e+00      8.928695e-17      5.333000e-01
   1039      1.000000e+00      1.000000e+00      8.753276e-18      5.333000e-01
   1040      1.000000e+00      1.000000e+00      2.124708e-16      5.333000e-01
   1041      1.000000e+00      1.000000e+00      3.501286e-16      5.333000e-01
   1042      1.000000e+00      1.000000e+00      3.104412e-16      5.333000e-01
   1043      1.000000e+00      1.000000e+00     -1.048893e-16      5.333000e-01
   1044      1.000000e+00      1.000000e+00     -3.448656e-16      5.333000e-01
   1045      1.440321e+00      8.166315e-01      1.106862e-01      4.885034e-01
   1046      2.098527e+00      5.620245e-01      1.298251e-01      4.402278e-01
   1047      3.304394e+00      4.301847e-01      2.150204e-01      4.275245e-01
   1048      3.861338e+00      3.909283e-01      2.374291e-01      4.223843e-01
   1049      4.424569e+00      3.230381e-01      2.370792e-01      4.115789e-01
   1050      3.597091e+00      4.070417e-01      2.614912e-01      4.224520e-01
   1051      4.397862e+00      3.816351e-01      2.889610e-01      4.208557e-01
   1052      3.936202e+00      4.397233e-01      2.861346e-01      4.271561e-01
   1053      4.424390e+00      4.198802e-01      3.227443e-01      4.291288e-01
   1054      4.613997e+00      4.252945e-01      3.321291e-01      4.301239e-01
   1055      4.756213e+00      4.291458e-01      3.335668e-01      4.316207e-01
   1056      4.727184e+00      4.275208e-01      3.466820e-01      4.336117e-01
   1057      4.481589e+00      4.216331e-01      3.386233e-01      4.336764e-01
   1058      4.364850e+00      4.397688e-01      3.443672e-01      4.359132e-01
   1059      4.054431e+00      4.515263e-01      3.341338e-01      4.373665e-01
   1060      3.730605e+00      4.684793e-01      3.218102e-01      4.382618e-01
   1061      4.024657e+00      4.735261e-01      3.370722e-01      4.397223e-01
   1062      4.253885e+00      4.875560e-01      3.498016e-01      4.404684e-01
   1063      4.510319e+00      4.965303e-01      3.554193e-01      4.415595e-01
   1064      4.744648e+00      5.157605e-01      3.709252e-01      4.490200e-01
   1065      3.854067e+00      5.878335e-01      3.419702e-01      4.553927e-01
   1066      1.969294e+00      7.727004e-01      2.120443e-01      4.793187e-01
   1067      1.000000e+00      1.000000e+00     -2.563991e-17      5.333000e-01
   1068      1.000000e+00      1.000000e+00      4.203533e-17      5.333000e-01
   1069      1.000000e+00      1.000000e+00     -2.056170e-17      5.333000e-01
   1070      1.000000e+00      1.000000e+00      1.274119e-16      5.333000e-01
   1071      1.000000e+00      1.000000e+00      2.475765e-16      5.333000e-01
   1072      1.000000e+00      1.000000e+00      1.461027e-16      5.333000e-01
   1073      1.000000e+00      1.000000e+00     -3.320442e-17      5.333000e-01
   1074      1.000000e+00      1.000000e+00     -1.454985e-16      5.333000e-01
   1075      1.000000e+00      1.000000e+00     -1.152505e-16      5.333000e-01
   1076      1.000000e+00      1.000000e+00     -6.809642e-17      5.333000e-01
   1077      1.000000e+00      1.000000e+00     -9.453053e-17      5.333000e-01
   1078      1.000000e+00      1.000000e+00     -1.194650e-16      5.333000e-01
   1079      1.000000e+00      1.000000e+00     -1.026276e-16      5.333000e-01
   1080      1.000000e+00      1.000000e+00     -8.803568e-17      5.333000e-01
   1081      1.000000e+00      1.000000e+00     -3.818095e-17      5.333000e-01
   1082      1.000000e+00      1.000000e+00     -5.447471e-17      5.333000e-01
   1083      1.000000e+00      1.000000e+00     -1.870656e-16      5.333000e-01
   1084      1.000000e+00      1.000000e+00     -2.580286e-16      5.333000e-01
   1085      1.000000e+00      1.000000e+00     -3.119171e-16      5.333000e-01
   1086      1.000000e+00      1.000000e+00      1.090391e-16      5.333000e-01
   1087      1.000000e+00      1.000000e+00      2.081704e-16      5.333000e-01
   1088      1.000000e+00      1.000000e+00     -2.123088e-17      5.333000e-01
   1089      1.000000e+00      1.000000e+00     -4.212346e-17      5.333000e-01
   1090      1.000000e+00      1.000000e+00     -4.761747e-17      5.333000e-01
   1091      1.000000e+00      1.000000e+00     -3.735737e-17      5.333000e-01
   1092      1.000000e+00      1.000000e+00     -8.318360e-17      5.333000e-01
   1093      1.000000e+00      1.000000e+00     -2.846070e-17      5.333000e-01
   1094      1.000000e+00      1.000000e+00      2.291731e-16      5.333000e-01
   1095      1.000000e+00      1.000000e+00      1.086371e-16      5.333000e-01
   1096      1.000000e+00      1.000000e+00     -1.432229e-16      5.333000e-01
   1097      1.000000e+00      1.000000e+00     -1.680218e-16      5.333000e-01
   1098      1.000000e+00      1.000000e+00     -2.136129e-17      5.333000e-01
   1099      1.000000e+00      1.000000e+00      1.224344e-16      5.333000e-01
   1100      1.000000e+00      1.000000e+00      1.167666e-16      5.333000e-01
   1101      1.000000e+00      1.000000e+00      2.299143e-16      5.333000e-01
   1102      1.000000e+00      1.000000e+00      4.114787e-16      5.333000e-01
   1103      1.000000e+00      1.000000e+00      1.815264e-16      5.333000e-01
   1104      1.474958e+00      8.139980e-01      1.244369e-01      4.894087e-01
   1105      2.414489e+00      6.068865e-01      2.247828e-01      4.475198e-01
   1106      2.282487e+00      6.463659e-01      2.323806e-01      4.574579e-01
   1107      3.132368e+00      5.605450e-01      2.918286e-01      4.448635e-01
   1108      2.748053e+00      5.864897e-01      2.629224e-01      4.493126e-01
   1109      3.660162e+00      5.109495e-01      3.096478e-01      4.380517e-01
   1110      4.238418e+00      4.786622e-01      3.441442e-01      4.370226e-01
   1111      4.655749e+00      4.363303e-01      3.563329e-01      4.355504e-01
   1112      4.652501e+00      4.533447e-01      3.582629e-01      4.371782e-01
   1113      4.369252e+00      4.627978e-01      3.487213e-01      4.382576e-01
   1114      4.416764e+00      4.757021e-01      3.562279e-01      4.393329e-01
   1115      4.546924e+00      4.835103e-01      3.606618e-01      4.399041e-01
   1116      4.801068e+00      5.029109e-01      3.687153e-01      4.449989e-01
   1117      3.600785e+00      5.924584e-01      3.255833e-01      4.558496e-01
   1118      1.652185e+00      8.281707e-01      1.575164e-01      4.883306e-01
   1119      1.000000e+00      1.000000e+00     -2.269376e-16      5.333000e-01
   1120      1.000000e+00      1.000000e+00     -6.470106e-17      5.333000e-01
   1121      1.000000e+00      1.000000e+00      8.822374e-17      5.333000e-01
   1122      1.000000e+00      1.000000e+00      1.250323e-16      5.333000e-01
   1123      1.000000e+00      1.000000e+00      8.493699e-17      5.333000e-01
   1124      1.000000e+00      1.000000e+00      2.457519e-16      5.333000e-01
   1125      1.000000e+00      1.000000e+00      1.890771e-16      5.333000e-01
   1126      1.000000e+00      1.000000e+00     -1.334876e-16      5.333000e-01
   1127      1.000000e+00      1.000000e+00     -1.691367e-16      5.333000e-01
   1128      1.000000e+00      1.000000e+00     -9.962523e-17      5.333000e-01
   1129      1.000000e+00      1.000000e+00     -7.999112e-17      5.333000e-01
   1130      1.000000e+00      1.000000e+00     -1.530414e-16      5.333000e-01
   1131      1.000000e+00      1.000000e+00     -1.778060e-16      5.333000e-01
   1132      1.000000e+00      1.000000e+00     -1.424136e-16      5.333000e-01
   1133      1.000000e+00      1.000000e+00     -2.939974e-16      5.333000e-01
   1134      1.000000e+00      1.000000e+00     -1.204912e-16      5.333000e-01
   1135      1.000000e+00      1.000000e+00      1.919636e-16      5.333000e-01
   1136      1.000000e+00      1.000000e+00      1.119068e-16      5.333000e-01
   1137      1.000000e+00      1.000000e+00     -9.536373e-17      5.333000e-01
   1138      1.000000e+00      1.000000e+00      5.620257e-17      5.333000e-01
   1139      1.000000e+00      1.000000e+00      1.484810e-16      5.333000e-01
   1140      1.000000e+00      1.000000e+00      5.723562e-17      5.333000e-01
   1141      1.000000e+00      1.000000e+00     -1.069965e-16      5.333000e-01
   1142      1.000000e+00      1.000000e+00     -3.364757e-17      5.333000e-01
   1143      1.000000e+00      1.000000e+00      1.759948e-16      5.333000e-01
   1144      1.000000e+00      1.000000e+00      2.034587e-17      5.333000e-01
   1145      1.000000e+00      1.000000e+00     -1.352657e-16      5.333000e-01
   1146      1.000000e+00      1.000000e+00     -2.058889e-16      5.333000e-01
   1147      1.000000e+00      1.000000e+00      1.277110e-18      5.333000e-01
   1148      1.000000e+00      1.000000e+00      1.884996e-16      5.333000e-01
   1149      1.000000e+00      1.000000e+00      1.623747e-16      5.333000e-01
   1150      1.000000e+00      1.000000e+00      3.213036e-16      5.333000e-01
   1151      1.242008e+00      9.134351e-01      6.818138e-02      5.072473e-01
   1152      1.398639e+00      8.371831e-01      1.044671e-01      4.906518e-01
   1153      2.141815e+00      6.846875e-01      2.302534e-01      4.646406e-01
   1154      2.879613e+00      6.173940e-01      2.829899e-01      4.525020e-01
   1155      4.285215e+00      4.926888e-01      3.450706e-01      4.382865e-01
   1156      3.905232e+00      5.259729e-01      3.359786e-01      4.427714e-01
   1157      4.672105e+00      4.675345e-01      3.638628e-01      4.380800e-01
   1158      4.720919e+00      4.866840e-01      3.684251e-01      4.408978e-01
   1159      3.346573e+00      5.997184e-01      3.169551e-01      4.580826e-01
   1160      1.391557e+00      8.984109e-01      9.803566e-02      5.041353e-01
   1161      1.000000e+00      1.000000e+00     -1.078610e-16      5.333000e-01
   1162      1.000000e+00      1.000000e+00     -1.848811e-16      5.333000e-01
   1163      1.000000e+00      1.000000e+00     -3.134261e-17      5.333000e-01
   1164      1.000000e+00      1.000000e+00      1.777978e-16      5.333000e-01
   1165      1.000000e+00      1.000000e+00      6.608671e-17      5.333000e-01
   1166      1.000000e+00      1.000000e+00     -1.913230e-17      5.333000e-01
   1167      1.000000e+00      1.000000e+00      2.750870e-16      5.333000e-01
   1168      1.000000e+00      1.000000e+00      8.677312e-17      5.333000e-01
   1169      1.000000e+00      1.000000e+00     -6.222973e-17      5.333000e-01
   1170      1.000000e+00      1.000000e+00     -1.421821e-16      5.333000e-01
   1171      1.000000e+00      1.000000e+00     -1.831903e-17      5.333000e-01
   1172      1.000000e+00      1.000000e+00      2.517493e-17      5.333000e-01
   1173      1.000000e+00      1.000000e+00      1.233826e-17      5.333000e-01
   1174      1.000000e+00      1.000000e+00     -9.508155e-21      5.333000e-01
   1175      1.000000e+00      1.000000e+00      1.386415e-16      5.333000e-01
   1176      1.000000e+00      1.000000e+00      2.045845e-17      5.333000e-01
   1177      1.000000e+00      1.000000e+00     -4.055698e-17      5.333000e-01
   1178      1.000000e+00      1.000000e+00      2.291543e-16      5.333000e-01
   1179      1.000000e+00      1.000000e+00      2.457218e-16      5.333000e-01
   1180      1.000000e+00      1.000000e+00      1.195181e-16      5.333000e-01
   1181      1.000000e+00      1.000000e+00     -1.188811e-18      5.333000e-01
   1182      1.000000e+00      1.000000e+00      4.367533e-17      5.333000e-01
   1183      1.000000e+00      1.000000e+00      8.050482e-17      5.333000e-01
   1184      1.000000e+00      1.000000e+00     -5.817165e-17      5.333000e-01
   1185      1.000000e+00      1.000000e+00     -2.664645e-16      5.333000e-01
   1186      1.000000e+00      1.000000e+00     -2.545686e-16      5.333000e-01
   1187      1.000000e+00      1.000000e+00      1.800578e-17      5.333000e-01
   1188      1.000000e+00      1.000000e+00      2.460701e-16      5.333000e-01
   1189      1.214085e+00      9.286955e-01      6.171221e-02      5.111113e-01
   1190      2.262982e+00      6.962769e-01      2.374905e-01      4.656953e-01
   1191      1.662558e+00      8.089500e-01      1.684756e-01      4.895152e-01
   1192      3.405835e+00      5.713032e-01      3.235829e-01      4.526193e-01
   1193      1.269631e+00      9.367579e-01      7.960650e-02      5.175560e-01
   1194      1.000000e+00      1.000000e+00     -9.629730e-17      5.333000e-01
   1195      1.000000e+00      1.000000e+00     -1.407121e-16      5.333000e-01
   1196      1.000000e+00      1.000000e+00     -1.796507e-16      5.333000e-01
   1197      1.000000e+00      1.000000e+00      3.860141e-17      5.333000e-01
   1198      1.000000e+00      1.000000e+00      2.191462e-16      5.333000e-01
   1199      1.000000e+00      1.000000e+00     -7.093980e-17      5.333000e-01
   1200      1.000000e+00      1.000000e+00      1.796681e-19      5.333000e-01
   1201      1.000000e+00      1.000000e+00      1.315296e-16      5.333000e-01
   1202      1.000000e+00      1.000000e+00     -2.244749e-17      5.333000e-01
   1203      1.000000e+00      1.000000e+00      9.418379e-17      5.333000e-01
   1204      1.000000e+00      1.000000e+00      1.314734e-16      5.333000e-01
   1205      1.000000e+00      1.000000e+00      1.080240e-16      5.333000e-01
   1206      1.000000e+00      1.000000e+00      4.974250e-18      5.333000e-01
   1207      1.000000e+00      1.000000e+00     -6.360351e-17      5.333000e-01
   1208      1.000000e+00      1.000000e+00      1.706145e-16      5.333000e-01
   1209      1.000000e+00      1.000000e+00      1.739597e-16      5.333000e-01
   1210      1.000000e+00      1.000000e+00      1.057702e-16      5.333000e-01
   1211      1.000000e+00      1.000000e+00      6.628078e-17      5.333000e-01
   1212      1.000000e+00      1.000000e+00      6.645952e-18      5.333000e-01
   1213      1.000000e+00      1.000000e+00     -1.002017e-16      5.333000e-01
   1214      1.000000e+00      1.000000e+00     -1.421813e-16      5.333000e-01
   1215      1.000000e+00      1.000000e+00     -2.304921e-16      5.333000e-01
   1216      1.000000e+00      1.000000e+00     -2.488440e-16      5.333000e-01
   1217      1.000000e+00      1.000000e+00     -8.244498e-17      5.333000e-01
   1218      1.000000e+00      1.000000e+00     -1.546862e-16      5.333000e-01
   1219      1.000000e+00      1.000000e+00     -1.792430e-16      5.333000e-01
   1220      1.000000e+00      1.000000e+00     -9.712390e-17      5.333000e-01
   1221      1.000000e+00      1.000000e+00     -1.607284e-16      5.333000e-01
   1222      1.000000e+00      1.000000e+00     -1.483553e-16      5.333000e-01
   1223      1.000000e+00      1.000000e+00      8.287571e-17      5.333000e-01
   1224      1.000000e+00      1.000000e+00      8.184627e-17      5.333000e-01
   1225      1.000000e+00      1.000000e+00      1.031305e-17      5.333000e-01
   1226      1.000000e+00      1.000000e+00      6.698262e-17      5.333000e-01
   1227      1.000000e+00      1.000000e+00     -3.406353e-17      5.333000e-01
   1228      1.000000e+00      1.000000e+00     -1.197910e-17      5.333000e-01
   1229      1.000000e+00      1.000000e+00      2.932417e-17      5.333000e-01
