 Nodal density, velocity and total energy solutions [  254]:

   Node        density        u-velocity        v-velocity         total energy
      1      1.000000e+00      1.000000e+00      0.000000e+00      5.333000e-01
      2      1.000000e+00      1.000000e+00     -8.377682e-17      5.333000e-01
      3      1.000000e+00      1.000000e+00      2.165741e-17      5.333000e-01
      4      1.000000e+00      1.000000e+00      4.666570e-17      5.333000e-01
      5      1.000000e+00      1.000000e+00      5.879400e-17      5.333000e-01
      6      1.000000e+00      1.000000e+00      4.878043e-17      5.333000e-01
      7      1.000000e+00      1.000000e+00      5.803541e-17      5.333000e-01
      8      1.000000e+00      1.000000e+00      9.547719e-17      5.333000e-01
      9      1.000000e+00      1.000000e+00      8.656935e-17      5.333000e-01
     10      1.000000e+00      1.000000e+00      5.804443e-17      5.333000e-01
     11      1.000000e+00      1.000000e+00     -2.365258e-17      5.333000e-01
     12      1.345500e+00      7.971809e-01     -1.274965e-01      4.883257e-01
     13      3.779799e+00      1.765225e-01     -6.074549e-02      4.382640e-01
     14      4.826361e+00      9.976745e-02      1.451026e-01      4.315247e-01
     15      4.993244e+00      6.585342e-02      8.167484e-02      4.343734e-01
     16      4.006946e+00      2.290942e-01      2.459648e-01      4.378617e-01
     17      4.607017e+00      1.498088e-01      1.885769e-01      4.311185e-01
     18      3.382888e+00      3.314220e-01      2.808604e-01      4.414624e-01
     19      3.646109e+00      2.722442e-01      2.698260e-01      4.387671e-01
     20      2.787121e+00      4.208651e-01      2.693045e-01      4.446788e-01
     21      3.122043e+00      3.861579e-01      2.694665e-01      4.405982e-01
     22      2.453254e+00      5.198887e-01      2.550588e-01      4.464331e-01
     23      2.427162e+00      4.833202e-01      2.637738e-01      4.468934e-01
     24      2.654964e+00      5.651082e-01      2.763657e-01      4.516126e-01
     25      2.698308e+00      5.774020e-01      2.830082e-01      4.534105e-01
     26      1.000000e+00      1.000000e+00      3.687373e-17      5.333000e-01
     27      2.802488e+00      5.930370e-01      2.921069e-01      4.558753e-01
     28      2.765479e+00      6.755061e-01      2.893978e-01      4.688260e-01
     29      1.499926e+00      8.898439e-01      1.303123e-01      5.062401e-01
     30      1.029824e+00      9.953014e-01      8.403186e-03      5.317750e-01
     31      1.000000e+00      1.000000e+00     -8.549001e-17      5.333000e-01
     32      1.000000e+00      1.000000e+00     -4.669099e-17      5.333000e-01
     33      1.000000e+00      1.000000e+00     -1.285170e-16      5.333000e-01
     34      1.000000e+00      1.000000e+00      2.354873e-17      5.333000e-01
     35      1.000000e+00      1.000000e+00      1.227218e-16      5.333000e-01
     36      1.000000e+00      1.000000e+00      5.681654e-19      5.333000e-01
     37      1.000000e+00      1.000000e+00     -1.258238e-16      5.333000e-01
     38      1.000000e+00      1.000000e+00      0.000000e+00      5.333000e-01
     39      1.000000e+00      1.000000e+00      3.222068e-18      5.333000e-01
     40      1.000000e+00      1.000000e+00     -4.553670e-17      5.333000e-01
     41      1.000000e+00      1.000000e+00      2.344611e-17      5.333000e-01
     42      1.000000e+00      1.000000e+00      0.000000e+00      5.333000e-01
     43      1.000000e+00      1.000000e+00      0.000000e+00      5.333000e-01
     44      1.000000e+00      1.000000e+00      0.000000e+00      5.333000e-01
     45      1.000000e+00      1.000000e+00      0.000000e+00      5.333000e-01
     46      1.000000e+00      1.000000e+00      6.136020e-17      5.333000e-01
     47      1.000000e+00      1.000000e+00      8.606632e-17      5.333000e-01
     48      1.000000e+00      1.000000e+00      9.330934e-17      5.333000e-01
     49      1.000000e+00      1.000000e+00      6.695617e-17      5.333000e-01
     50      1.000000e+00      1.000000e+00      7.683179e-17      5.333000e-01
     51      1.000000e+00      1.000000e+00      3.449949e-17      5.333000e-01
     52      1.000000e+00      1.000000e+00      4.359612e-17      5.333000e-01
     53      1.000000e+00      1.000000e+00      3.632519e-17      5.333000e-01
     54      1.000000e+00      1.000000e+00      8.024439e-17      5.333000e-01
     55      1.000000e+00      1.000000e+00      7.303668e-17      5.333000e-01
     56      1.000000e+00      1.000000e+00      6.865578e-17      5.333000e-01
     57      1.000000e+00      1.000000e+00      5.530985e-17      5.333000e-01
     58      1.000000e+00      1.000000e+00      7.507914e-17      5.333000e-01
     59      1.000000e+00      1.000000e+00      5.643592e-17      5.333000e-01
     60      1.000000e+00      1.000000e+00      1.718205e-17      5.333000e-01
     61      1.000000e+00      1.000000e+00      1.549375e-18      5.333000e-01
     62      1.000000e+00      1.000000e+00      2.643697e-19      5.333000e-01
     63      1.000000e+00      1.000000e+00      7.663250e-18      5.333000e-01
     64      1.000000e+00      1.000000e+00      5.409794e-17      5.333000e-01
     65      1.000000e+00      1.000000e+00      4.970376e-17      5.333000e-01
     66      1.000000e+00      1.000000e+00      2.964380e-17      5.333000e-01
     67      1.000000e+00      1.000000e+00      1.735323e-17      5.333000e-01
     68      1.000000e+00      1.000000e+00      1.852829e-17      5.333000e-01
     69      1.000000e+00      1.000000e+00      1.704826e-17      5.333000e-01
     70      1.965030e+00      5.652796e-01      6.171353e-02      4.399475e-01
     71      1.000000e+00      1.000000e+00     -1.692657e-17      5.333000e-01
     72      1.000000e+00      1.000000e+00     -2.315348e-17      5.333000e-01
     73      1.000000e+00      1.000000e+00     -2.869897e-17      5.333000e-01
     74      1.000000e+00      1.000000e+00     -3.468006e-17      5.333000e-01
     75      1.000000e+00      1.000000e+00      1.729310e-17      5.333000e-01
     76      1.000000e+00      1.000000e+00      6.024159e-17      5.333000e-01
     77      1.000000e+00      1.000000e+00      6.742013e-17      5.333000e-01
     78      1.000000e+00      1.000000e+00      5.919289e-17      5.333000e-01
     79      1.000000e+00      1.000000e+00      1.202769e-17      5.333000e-01
     80      2.165197e+00      5.467247e-01      1.330583e-01      4.346743e-01
     81      1.000000e+00      1.000000e+00     -3.270173e-17      5.333000e-01
     82      1.000000e+00      1.000000e+00     -4.113967e-17      5.333000e-01
     83      1.000000e+00      1.000000e+00     -2.853258e-17      5.333000e-01
     84      1.000000e+00      1.000000e+00     -5.447790e-17      5.333000e-01
     85      1.000000e+00      1.000000e+00     -5.133464e-17      5.333000e-01
     86      1.000000e+00      1.000000e+00      4.389956e-17      5.333000e-01
     87      1.000000e+00      1.000000e+00      2.375157e-17      5.333000e-01
     88      1.000000e+00      1.000000e+00     -1.359310e-17      5.333000e-01
     89      1.000000e+00      1.000000e+00      6.852196e-17      5.333000e-01
     90      1.464566e+00      7.791965e-01      9.732376e-02      4.798310e-01
     91      3.331357e+00      4.289182e-01      2.262339e-01      4.273611e-01
     92      4.466665e+00      2.646136e-01      1.936516e-01      4.081354e-01
     93      1.000000e+00      1.000000e+00      9.769733e-17      5.333000e-01
     94      1.224864e+00      9.252914e-01      6.421482e-02      5.122402e-01
     95      1.415402e+00      8.718447e-01      1.037153e-01      4.965828e-01
     96      3.358187e+00      5.516851e-01      2.975410e-01      4.470054e-01
     97      4.505547e+00      2.552117e-01      2.487520e-01      4.172023e-01
     98      1.000000e+00      1.000000e+00      1.297455e-16      5.333000e-01
     99      1.000000e+00      1.000000e+00      1.608205e-16      5.333000e-01
    100      1.000000e+00      1.000000e+00      1.666876e-16      5.333000e-01
    101      1.385813e+00      8.907399e-01      1.014387e-01      5.009465e-01
    102      3.308727e+00      5.926820e-01      3.130952e-01      4.543281e-01
    103      1.000000e+00      1.000000e+00      1.971201e-16      5.333000e-01
    104      1.000000e+00      1.000000e+00      1.864945e-16      5.333000e-01
    105      1.000000e+00      1.000000e+00      1.963999e-16      5.333000e-01
    106      1.000000e+00      1.000000e+00      1.589090e-16      5.333000e-01
    107      1.988566e+00      7.601473e-01      2.160717e-01      4.817662e-01
    108      1.000000e+00      1.000000e+00     -4.970745e-17      5.333000e-01
    109      1.000000e+00      1.000000e+00     -3.431089e-17      5.333000e-01
    110      1.000000e+00      1.000000e+00     -4.404608e-17      5.333000e-01
    111      1.000000e+00      1.000000e+00     -4.653832e-17      5.333000e-01
    112      1.000000e+00      1.000000e+00     -4.716069e-17      5.333000e-01
    113      1.000000e+00      1.000000e+00     -2.990006e-18      5.333000e-01
    114      1.000000e+00      1.000000e+00     -2.865664e-17      5.333000e-01
    115      1.000000e+00      1.000000e+00     -1.343489e-17      5.333000e-01
    116      1.000000e+00      1.000000e+00      7.160755e-17      5.333000e-01
    117      1.000000e+00      1.000000e+00      9.117144e-17      5.333000e-01
    118      1.000000e+00      1.000000e+00      1.298107e-16      5.333000e-01
    119      1.000000e+00      1.000000e+00      1.572903e-16      5.333000e-01
    120      1.000000e+00      1.000000e+00      1.408979e-16      5.333000e-01
    121      1.000000e+00      1.000000e+00      1.694534e-16      5.333000e-01
    122      1.000000e+00      1.000000e+00      1.329380e-16      5.333000e-01
    123      1.000000e+00      1.000000e+00      8.256387e-17      5.333000e-01
    124      1.000000e+00      1.000000e+00      1.382832e-16      5.333000e-01
    125      1.086000e+00      9.741329e-01      2.576166e-02      5.242256e-01
    126      2.660852e+00      6.725751e-01      2.856423e-01      4.701246e-01
    127      1.000000e+00      1.000000e+00     -4.907385e-18      5.333000e-01
    128      1.000000e+00      1.000000e+00      3.997776e-17      5.333000e-01
    129      1.000000e+00      1.000000e+00      2.287178e-17      5.333000e-01
    130      1.000000e+00      1.000000e+00     -4.172647e-17      5.333000e-01
    131      1.000000e+00      1.000000e+00     -7.029213e-17      5.333000e-01
    132      1.000000e+00      1.000000e+00     -4.727836e-17      5.333000e-01
    133      1.000000e+00      1.000000e+00     -3.828471e-17      5.333000e-01
    134      1.000000e+00      1.000000e+00      2.814343e-17      5.333000e-01
    135      1.000000e+00      1.000000e+00      3.470851e-17      5.333000e-01
    136      1.000000e+00      1.000000e+00      7.902716e-17      5.333000e-01
    137      1.000000e+00      1.000000e+00      8.690068e-17      5.333000e-01
    138      1.000000e+00      1.000000e+00      7.703111e-17      5.333000e-01
    139      1.000000e+00      1.000000e+00      2.966939e-17      5.333000e-01
    140      1.000000e+00      1.000000e+00      8.566457e-17      5.333000e-01
    141      1.000000e+00      1.000000e+00      6.993938e-17      5.333000e-01
    142      1.000000e+00      1.000000e+00      5.249126e-17      5.333000e-01
    143      1.000000e+00      1.000000e+00     -5.643798e-17      5.333000e-01
    144      1.000000e+00      1.000000e+00      7.173355e-17      5.333000e-01
    145      1.065419e+00      9.836153e-01      1.929964e-02      5.274594e-01
    146      1.482616e+00      8.803850e-01      1.268155e-01      5.030624e-01
    147      2.999971e+00      6.579720e-01      3.040639e-01      4.663544e-01
    148      1.000000e+00      1.000000e+00     -5.157004e-17      5.333000e-01
    149      1.000000e+00      1.000000e+00     -2.438770e-17      5.333000e-01
    150      1.000000e+00      1.000000e+00     -2.956460e-17      5.333000e-01
    151      1.000000e+00      1.000000e+00     -2.238116e-17      5.333000e-01
    152      1.000000e+00      1.000000e+00      3.355273e-17      5.333000e-01
    153      1.000000e+00      1.000000e+00      5.001342e-17      5.333000e-01
    154      1.000000e+00      1.000000e+00     -5.675335e-17      5.333000e-01
    155      1.000000e+00      1.000000e+00     -1.486037e-16      5.333000e-01
    156      1.000000e+00      1.000000e+00     -8.878066e-17      5.333000e-01
    157      1.000000e+00      1.000000e+00     -1.689108e-17      5.333000e-01
    158      1.018608e+00      9.966358e-01      5.279015e-03      5.320880e-01
    159      1.000000e+00      1.000000e+00     -3.423906e-17      5.333000e-01
    160      1.000000e+00      1.000000e+00     -4.040440e-17      5.333000e-01
    161      1.000000e+00      1.000000e+00     -7.598968e-17      5.333000e-01
    162      1.000000e+00      1.000000e+00     -6.294303e-17      5.333000e-01
    163      1.000000e+00      1.000000e+00     -7.411036e-19      5.333000e-01
    164      1.000000e+00      1.000000e+00      3.642040e-17      5.333000e-01
    165      1.000000e+00      1.000000e+00     -2.100105e-18      5.333000e-01
    166      1.000000e+00      1.000000e+00     -2.532589e-17      5.333000e-01
    167      1.000000e+00      1.000000e+00     -3.693509e-17      5.333000e-01
    168      1.000000e+00      1.000000e+00     -1.708239e-16      5.333000e-01
    169      1.000000e+00      1.000000e+00     -1.661939e-16      5.333000e-01
    170      1.000000e+00      1.000000e+00     -1.210055e-16      5.333000e-01
    171      1.148023e+00      9.702057e-01      4.339523e-02      5.246111e-01
    172      1.952303e+00      8.077111e-01      1.985921e-01      4.874508e-01
    173      1.000000e+00      1.000000e+00      8.053268e-17      5.333000e-01
    174      1.000000e+00      1.000000e+00      6.205635e-17      5.333000e-01
    175      1.000000e+00      1.000000e+00     -3.387296e-17      5.333000e-01
    176      1.000000e+00      1.000000e+00     -3.748124e-17      5.333000e-01
    177      1.000000e+00      1.000000e+00     -1.435750e-16      5.333000e-01
    178      1.000000e+00      1.000000e+00     -1.578814e-16      5.333000e-01
    179      1.000000e+00      1.000000e+00     -7.616837e-17      5.333000e-01
    180      1.000000e+00      1.000000e+00      5.486231e-17      5.333000e-01
    181      1.000000e+00      1.000000e+00      5.374906e-17      5.333000e-01
    182      1.000000e+00      1.000000e+00      1.019044e-16      5.333000e-01
    183      1.000000e+00      1.000000e+00      2.017618e-17      5.333000e-01
    184      1.000000e+00      1.000000e+00      6.068054e-17      5.333000e-01
    185      1.000000e+00      1.000000e+00      3.790754e-17      5.333000e-01
    186      1.000000e+00      1.000000e+00      8.167813e-18      5.333000e-01
    187      1.000000e+00      1.000000e+00     -4.332716e-17      5.333000e-01
    188      1.000000e+00      1.000000e+00     -1.317767e-16      5.333000e-01
    189      1.000000e+00      1.000000e+00      2.157170e-17      5.333000e-01
    190      1.000000e+00      1.000000e+00      5.271323e-17      5.333000e-01
    191      1.000000e+00      1.000000e+00     -4.368505e-18      5.333000e-01
    192      1.000000e+00      1.000000e+00     -2.460869e-17      5.333000e-01
    193      1.000000e+00      1.000000e+00     -4.041795e-17      5.333000e-01
    194      1.000000e+00      1.000000e+00     -4.341483e-17      5.333000e-01
    195      1.000000e+00      1.000000e+00      3.396351e-17      5.333000e-01
    196      1.000000e+00      1.000000e+00      4.713647e-17      5.333000e-01
    197      1.000000e+00      1.000000e+00      2.768410e-17      5.333000e-01
    198      1.000000e+00      1.000000e+00     -1.589376e-17      5.333000e-01
    199      1.000000e+00      1.000000e+00     -1.044242e-17      5.333000e-01
    200      1.000000e+00      1.000000e+00     -2.494775e-18      5.333000e-01
    201      1.000000e+00      1.000000e+00      2.731747e-17      5.333000e-01
    202      1.000000e+00      1.000000e+00      7.122341e-17      5.333000e-01
    203      1.000000e+00      1.000000e+00     -5.589190e-17      5.333000e-01
    204      1.000000e+00      1.000000e+00      1.687631e-17      5.333000e-01
    205      1.000000e+00      1.000000e+00     -4.527568e-17      5.333000e-01
    206      1.000000e+00      1.000000e+00     -5.508856e-17      5.333000e-01
    207      1.000000e+00      1.000000e+00      5.851720e-18      5.333000e-01
    208      1.000000e+00      1.000000e+00     -4.846617e-17      5.333000e-01
    209      1.000000e+00      1.000000e+00     -1.787895e-17      5.333000e-01
    210      1.000000e+00      1.000000e+00     -3.888423e-17      5.333000e-01
    211      1.000000e+00      1.000000e+00     -2.594350e-17      5.333000e-01
    212      1.000000e+00      1.000000e+00     -1.945680e-17      5.333000e-01
    213      1.000000e+00      1.000000e+00      3.379263e-17      5.333000e-01
    214      1.000000e+00      1.000000e+00      4.402789e-17      5.333000e-01
    215      1.000000e+00      1.000000e+00      2.199092e-17      5.333000e-01
    216      1.000000e+00      1.000000e+00      1.858291e-18      5.333000e-01
    217      1.000000e+00      1.000000e+00     -5.437611e-17      5.333000e-01
    218      1.000000e+00      1.000000e+00      1.054828e-16      5.333000e-01
    219      1.000000e+00      1.000000e+00     -3.447015e-17      5.333000e-01
    220      1.000000e+00      1.000000e+00      4.613273e-17      5.333000e-01
    221      1.000000e+00      1.000000e+00      9.680158e-17      5.333000e-01
    222      1.000000e+00      1.000000e+00     -5.323947e-17      5.333000e-01
    223      4.977402e+00      1.503244e-01      1.737266e-01      4.218896e-01
    224      4.327530e+00      2.321724e-01      2.423967e-01      4.278856e-01
    225      3.712334e+00      2.953379e-01      2.759484e-01      4.350065e-01
    226      3.397969e+00      3.634231e-01      2.794252e-01      4.350845e-01
    227      2.908065e+00      4.207821e-01      2.713933e-01      4.398497e-01
    228      2.770433e+00      4.978672e-01      2.770970e-01      4.442666e-01
    229      2.866087e+00      5.495642e-01      2.861755e-01      4.497040e-01
    230      3.857383e+00      3.222048e-01      2.799788e-01      4.248607e-01
    231      3.628654e+00      4.332646e-01      3.006937e-01      4.352617e-01
    232      3.055647e+00      6.633691e-01      3.054899e-01      4.657628e-01
    233      3.182711e+00      5.874635e-01      3.185266e-01      4.572362e-01
    234      3.572081e+00      5.787592e-01      3.366497e-01      4.560834e-01
    235      3.557890e+00      5.455325e-01      3.254040e-01      4.502898e-01
    236      3.937419e+00      5.481124e-01      3.412692e-01      4.502982e-01
    237      1.000000e+00      1.000000e+00      1.227859e-16      5.333000e-01
    238      4.491859e+00      4.688843e-01      3.464633e-01      4.399926e-01
    239      4.240411e+00      3.810106e-01      3.014698e-01      4.277200e-01
    240      1.000000e+00      1.000000e+00      3.547772e-17      5.333000e-01
    241      1.000000e+00      1.000000e+00      4.303087e-17      5.333000e-01
    242      3.075654e+00      6.131816e-01      3.120278e-01      4.599906e-01
    243      4.643777e+00      1.632056e-01      6.841734e-02      4.164604e-01
    244      2.178755e+00      4.575436e-01     -7.782769e-02      4.416222e-01
    245      1.371898e+00      9.255407e-01      9.899008e-02      5.134493e-01
    246      2.423376e+00      7.347315e-01      2.574052e-01      4.774443e-01
    247      2.175263e+00      7.845093e-01      2.235208e-01      4.825857e-01
    248      1.000000e+00      1.000000e+00      3.199327e-18      5.333000e-01
    249      1.000000e+00      1.000000e+00      4.427268e-17      5.333000e-01
    250      1.000000e+00      1.000000e+00     -1.906267e-17      5.333000e-01
    251      1.000000e+00      1.000000e+00     -5.184016e-18      5.333000e-01
    252      1.000000e+00      1.000000e+00      9.144614e-18      5.333000e-01
    253      1.000000e+00      1.000000e+00      6.573131e-18      5.333000e-01
    254      1.000000e+00      1.000000e+00     -2.181898e-17      5.333000e-01
