 Nodal density, velocity and total energy solutions [ 1229]:

   Node        density        u-velocity        v-velocity         total energy
      1      1.000000e+00      1.000000e+00      0.000000e+00      5.333000e-01
      2      5.901083e+00      5.819219e-04      5.117921e-04      3.932617e-01
      3      1.000000e+00      1.000000e+00      2.888650e-17      5.333000e-01
      4      1.000000e+00      1.000000e+00      8.708003e-17      5.333000e-01
      5      1.000000e+00      1.000000e+00      9.924461e-17      5.333000e-01
      6      1.000000e+00      1.000000e+00      1.303580e-16      5.333000e-01
      7      1.429610e+00      8.065668e-01     -2.321456e-02      4.732491e-01
      8      4.093021e+00      3.315894e-01     -5.892961e-02      3.984000e-01
      9      5.524056e+00      2.192754e-01     -8.221948e-03      3.945664e-01
     10      5.478683e+00      2.145204e-01      2.136178e-03      3.929274e-01
     11      5.529711e+00      2.023777e-01      5.158139e-03      3.917735e-01
     12      5.629593e+00      1.788240e-01      1.074724e-02      3.900969e-01
     13      5.749067e+00      1.293937e-01      2.534883e-02      3.893335e-01
     14      5.871472e+00      5.483102e-02      2.432420e-02      3.916931e-01
     15      5.608524e+00      2.115552e-02      1.199383e-01      3.917234e-01
     16      5.869825e+00      3.104524e-02      4.856824e-02      3.929822e-01
     17      5.737461e+00      2.075636e-02      9.978822e-02      3.924113e-01
     18      5.155271e+00      7.535406e-02      1.960238e-01      4.013037e-01
     19      5.489655e+00      4.506752e-02      1.370925e-01      3.944921e-01
     20      5.343348e+00      5.732081e-02      1.675416e-01      3.985726e-01
     21      4.758996e+00      1.342324e-01      2.350822e-01      4.054400e-01
     22      5.024750e+00      9.776876e-02      2.071472e-01      4.020226e-01
     23      4.944123e+00      1.085303e-01      2.192921e-01      4.035376e-01
     24      4.273191e+00      2.160639e-01      2.558137e-01      4.112898e-01
     25      4.624756e+00      1.636727e-01      2.344608e-01      4.056721e-01
     26      4.559259e+00      1.766975e-01      2.425481e-01      4.080062e-01
     27      3.577793e+00      2.950493e-01      2.612797e-01      4.172562e-01
     28      4.096590e+00      2.455455e-01      2.473278e-01      4.100567e-01
     29      4.162748e+00      2.426433e-01      2.419503e-01      4.100837e-01
     30      2.338799e+00      4.848046e-01      2.969042e-01      4.389295e-01
     31      2.468437e+00      4.607924e-01      3.204715e-01      4.380998e-01
     32      2.545600e+00      4.546780e-01      3.151228e-01      4.368273e-01
     33      2.041729e+00      5.462059e-01      2.337773e-01      4.387214e-01
     34      1.964914e+00      5.504999e-01      2.550689e-01      4.406009e-01
     35      2.057880e+00      5.417177e-01      2.441831e-01      4.382399e-01
     36      1.533025e+00      6.249750e-01      1.656913e-01      4.480617e-01
     37      1.835081e+00      5.771099e-01      2.119451e-01      4.424089e-01
     38      1.699694e+00      6.003577e-01      1.909766e-01      4.449867e-01
     39      1.111468e+00      6.954237e-01      7.804095e-02      4.580014e-01
     40      1.271247e+00      6.669542e-01      1.186827e-01      4.537053e-01
     41      1.157832e+00      6.869179e-01      9.040130e-02      4.566409e-01
     42      9.999997e-01      1.000000e+00      3.849404e-08      5.333000e-01
     43      1.223399e+00      6.854262e-01      1.011065e-01      4.584365e-01
     44      1.455159e+00      6.621657e-01      1.429038e-01      4.582448e-01
     45      1.591354e+00      6.473960e-01      1.599104e-01      4.553667e-01
     46      1.725235e+00      6.325517e-01      1.774259e-01      4.526576e-01
     47      1.861591e+00      6.174014e-01      1.950539e-01      4.506130e-01
     48      1.969636e+00      6.085005e-01      2.071526e-01      4.500736e-01
     49      2.097441e+00      6.002755e-01      2.167990e-01      4.500522e-01
     50      2.246915e+00      5.905699e-01      2.253613e-01      4.490154e-01
     51      2.371612e+00      5.829006e-01      2.364358e-01      4.479841e-01
     52      2.466020e+00      5.778410e-01      2.498606e-01      4.475162e-01
     53      2.565374e+00      5.744107e-01      2.604911e-01      4.473643e-01
     54      2.657954e+00      5.733234e-01      2.711474e-01      4.479016e-01
     55      2.760561e+00      5.747336e-01      2.811106e-01      4.490452e-01
     56      2.878102e+00      5.788193e-01      2.914447e-01      4.506709e-01
     57      3.020286e+00      5.851270e-01      3.019202e-01      4.525918e-01
     58      3.187407e+00      5.931693e-01      3.128817e-01      4.548962e-01
     59      3.377292e+00      6.023391e-01      3.246075e-01      4.577248e-01
     60      3.589116e+00      6.117742e-01      3.370434e-01      4.608940e-01
     61      3.829135e+00      6.209590e-01      3.500648e-01      4.639938e-01
     62      4.113793e+00      6.299554e-01      3.636959e-01      4.666870e-01
     63      4.444880e+00      6.385023e-01      3.774275e-01      4.689858e-01
     64      4.199833e+00      6.722296e-01      3.620711e-01      4.705100e-01
     65      1.953205e+00      8.042297e-01      2.269800e-01      4.941582e-01
     66      1.000000e+00      1.000000e+00      2.071846e-16      5.333000e-01
     67      1.000000e+00      1.000000e+00     -8.567547e-13      5.333000e-01
     68      1.000000e+00      1.000000e+00     -1.769587e-10      5.333000e-01
     69      1.000000e+00      1.000000e+00     -3.266695e-09      5.333000e-01
     70      1.000000e+00      1.000000e+00     -1.687922e-08      5.333000e-01
     71      1.000000e+00      1.000000e+00     -2.848397e-08      5.333000e-01
     72      1.000000e+00      1.000000e+00     -2.398078e-09      5.333000e-01
     73      9.999997e-01      1.000000e+00      3.422731e-08      5.333000e-01
     74      1.000000e+00      1.000000e+00      0.000000e+00      5.333000e-01
     75      9.999996e-01      1.000000e+00      4.750330e-08      5.333000e-01
     76      9.999995e-01      1.000000e+00      6.786654e-08      5.333000e-01
     77      9.999994e-01      1.000000e+00      8.222643e-08      5.333000e-01
     78      9.999993e-01      1.000000e+00      9.937887e-08      5.333000e-01
     79      9.999991e-01      1.000000e+00      1.187666e-07      5.333000e-01
     80      9.999990e-01      1.000000e+00      1.393573e-07      5.333000e-01
     81      9.999988e-01      1.000000e+00      1.618561e-07      5.333000e-01
     82      9.999986e-01      1.000000e+00      1.872454e-07      5.333000e-01
     83      1.000007e+00      9.999999e-01     -8.778157e-07      5.333000e-01
     84      1.000004e+00      9.999999e-01     -4.713470e-07      5.333000e-01
     85      1.000000e+00      1.000000e+00      4.547111e-17      5.333000e-01
     86      1.000000e+00      1.000000e+00     -1.928309e-17      5.333000e-01
     87      1.000000e+00      1.000000e+00     -1.968004e-17      5.333000e-01
     88      1.000000e+00      1.000000e+00     -5.148468e-17      5.333000e-01
     89      1.000000e+00      1.000000e+00     -1.621910e-16      5.333000e-01
     90      1.000000e+00      1.000000e+00     -1.771830e-16      5.333000e-01
     91      1.000000e+00      1.000000e+00     -1.127523e-16      5.333000e-01
     92      1.000000e+00      1.000000e+00     -5.414932e-17      5.333000e-01
     93      1.000000e+00      1.000000e+00      1.243414e-17      5.333000e-01
     94      1.000000e+00      1.000000e+00      7.861684e-17      5.333000e-01
     95      1.000000e+00      1.000000e+00      5.176840e-17      5.333000e-01
     96      1.000000e+00      1.000000e+00      1.975878e-18      5.333000e-01
     97      1.000000e+00      1.000000e+00      1.797007e-17      5.333000e-01
     98      1.000000e+00      1.000000e+00      6.041985e-17      5.333000e-01
     99      1.000000e+00      1.000000e+00      5.549814e-17      5.333000e-01
    100      1.000000e+00      1.000000e+00      6.539845e-17      5.333000e-01
    101      1.000000e+00      1.000000e+00      4.455442e-17      5.333000e-01
    102      1.000000e+00      1.000000e+00      0.000000e+00      5.333000e-01
    103      1.000000e+00      1.000000e+00      0.000000e+00      5.333000e-01
    104      1.000000e+00      1.000000e+00      0.000000e+00      5.333000e-01
    105      1.000000e+00      1.000000e+00      0.000000e+00      5.333000e-01
    106      1.000000e+00      1.000000e+00      0.000000e+00      5.333000e-01
    107      1.000000e+00      1.000000e+00      0.000000e+00      5.333000e-01
    108      1.000000e+00      1.000000e+00      0.000000e+00      5.333000e-01
    109      1.000000e+00      1.000000e+00      0.000000e+00      5.333000e-01
    110      1.000000e+00      1.000000e+00      0.000000e+00      5.333000e-01
    111      1.000000e+00      1.000000e+00      0.000000e+00      5.333000e-01
    112      1.000000e+00      1.000000e+00      0.000000e+00      5.333000e-01
    113      1.000000e+00      1.000000e+00      0.000000e+00      5.333000e-01
    114      1.000000e+00      1.000000e+00      0.000000e+00      5.333000e-01
    115      1.000000e+00      1.000000e+00      0.000000e+00      5.333000e-01
    116      1.000000e+00      1.000000e+00      0.000000e+00      5.333000e-01
    117      1.000000e+00      1.000000e+00      0.000000e+00      5.333000e-01
    118      1.000000e+00      1.000000e+00      0.000000e+00      5.333000e-01
    119      1.000000e+00      1.000000e+00      0.000000e+00      5.333000e-01
    120      1.000000e+00      1.000000e+00      0.000000e+00      5.333000e-01
    121      1.000000e+00      1.000000e+00      0.000000e+00      5.333000e-01
    122      1.000000e+00      1.000000e+00      0.000000e+00      5.333000e-01
    123      1.000000e+00      1.000000e+00      0.000000e+00      5.333000e-01
    124      1.000000e+00      1.000000e+00      0.000000e+00      5.333000e-01
    125      1.000000e+00      1.000000e+00      0.000000e+00      5.333000e-01
    126      1.000000e+00      1.000000e+00      0.000000e+00      5.333000e-01
    127      1.000000e+00      1.000000e+00      0.000000e+00      5.333000e-01
    128      1.000000e+00      1.000000e+00      0.000000e+00      5.333000e-01
    129      1.000000e+00      1.000000e+00      0.000000e+00      5.333000e-01
    130      1.000000e+00      1.000000e+00      0.000000e+00      5.333000e-01
    131      1.000000e+00      1.000000e+00      0.000000e+00      5.333000e-01
    132      1.000000e+00      1.000000e+00      0.000000e+00      5.333000e-01
    133      1.000000e+00      1.000000e+00      0.000000e+00      5.333000e-01
    134      1.000000e+00      1.000000e+00      0.000000e+00      5.333000e-01
    135      1.000000e+00      1.000000e+00      0.000000e+00      5.333000e-01
    136      1.000000e+00      1.000000e+00      0.000000e+00      5.333000e-01
    137      1.000000e+00      1.000000e+00      0.000000e+00      5.333000e-01
    138      1.000000e+00      1.000000e+00      0.000000e+00      5.333000e-01
    139      1.000000e+00      1.000000e+00      0.000000e+00      5.333000e-01
    140      1.000000e+00      1.000000e+00      0.000000e+00      5.333000e-01
    141      1.000000e+00      1.000000e+00      0.000000e+00      5.333000e-01
    142      1.000000e+00      1.000000e+00      0.000000e+00      5.333000e-01
    143      1.000000e+00      1.000000e+00      0.000000e+00      5.333000e-01
    144      1.000000e+00      1.000000e+00      0.000000e+00      5.333000e-01
    145      1.000000e+00      1.000000e+00      0.000000e+00      5.333000e-01
    146      1.000000e+00      1.000000e+00      0.000000e+00      5.333000e-01
    147      1.000000e+00      1.000000e+00      0.000000e+00      5.333000e-01
    148      1.000000e+00      1.000000e+00      0.000000e+00      5.333000e-01
    149      3.314614e+00      3.307259e-01      2.723218e-01      4.222622e-01
    150      2.509830e+00      4.608789e-01      3.168406e-01      4.381491e-01
    151      2.609024e+00      4.588414e-01      3.012508e-01      4.367879e-01
    152      2.257109e+00      5.083096e-01      2.737370e-01      4.401894e-01
    153      2.254709e+00      5.204765e-01      2.570115e-01      4.407213e-01
    154      2.150380e+00      5.397786e-01      2.405584e-01      4.420956e-01
    155      1.866727e+00      5.834219e-01      2.092378e-01      4.455867e-01
    156      1.739285e+00      6.040068e-01      1.911542e-01      4.477154e-01
    157      1.536903e+00      6.327938e-01      1.621268e-01      4.512985e-01
    158      1.323128e+00      6.676750e-01      1.235198e-01      4.560074e-01
    159      1.467369e+00      6.569871e-01      1.458240e-01      4.570076e-01
    160      1.579418e+00      6.464252e-01      1.610153e-01      4.558656e-01
    161      1.703423e+00      6.327500e-01      1.756992e-01      4.531445e-01
    162      1.854609e+00      6.154411e-01      1.939905e-01      4.503476e-01
    163      1.964927e+00      6.050442e-01      2.072322e-01      4.492661e-01
    164      2.079610e+00      5.970705e-01      2.193891e-01      4.496094e-01
    165      2.229376e+00      5.867840e-01      2.291174e-01      4.489142e-01
    166      2.381061e+00      5.774626e-01      2.365433e-01      4.474112e-01
    167      2.493275e+00      5.718061e-01      2.472957e-01      4.466816e-01
    168      2.583113e+00      5.684998e-01      2.590993e-01      4.464778e-01
    169      2.674534e+00      5.670574e-01      2.691917e-01      4.467742e-01
    170      2.766224e+00      5.680681e-01      2.793699e-01      4.478034e-01
    171      2.873346e+00      5.716930e-01      2.894812e-01      4.493689e-01
    172      3.002290e+00      5.777139e-01      3.000886e-01      4.512792e-01
    173      3.159281e+00      5.855430e-01      3.109656e-01      4.534704e-01
    174      3.342885e+00      5.947014e-01      3.224623e-01      4.561566e-01
    175      3.550427e+00      6.043705e-01      3.347070e-01      4.593080e-01
    176      3.783545e+00      6.137781e-01      3.475747e-01      4.625434e-01
    177      4.056271e+00      6.229273e-01      3.611175e-01      4.654490e-01
    178      4.382325e+00      6.320198e-01      3.751363e-01      4.678506e-01
    179      4.315901e+00      6.586187e-01      3.681479e-01      4.690820e-01
    180      2.482264e+00      7.540737e-01      2.785967e-01      4.838833e-01
    181      1.000000e+00      1.000000e+00     -2.278746e-17      5.333000e-01
    182      1.000000e+00      1.000000e+00      2.818862e-16      5.333000e-01
    183      1.000000e+00      1.000000e+00     -1.320971e-12      5.333000e-01
    184      1.000000e+00      1.000000e+00     -2.734655e-10      5.333000e-01
    185      1.000000e+00      1.000000e+00     -4.864668e-09      5.333000e-01
    186      1.000000e+00      1.000000e+00     -2.229115e-08      5.333000e-01
    187      1.000000e+00      1.000000e+00     -2.505564e-08      5.333000e-01
    188      9.999999e-01      1.000000e+00      1.577939e-08      5.333000e-01
    189      9.999997e-01      1.000000e+00      4.667083e-08      5.333000e-01
    190      9.999996e-01      1.000000e+00      5.137148e-08      5.333000e-01
    191      9.999996e-01      1.000000e+00      5.508935e-08      5.333000e-01
    192      9.999997e-01      1.000000e+00      4.616668e-08      5.333000e-01
    193      9.999997e-01      1.000000e+00      3.578026e-08      5.333000e-01
    194      9.999998e-01      1.000000e+00      2.513846e-08      5.333000e-01
    195      1.000002e+00      1.000000e+00     -2.611843e-07      5.333000e-01
    196      1.000004e+00      9.999999e-01     -5.048950e-07      5.333000e-01
    197      1.000000e+00      1.000000e+00     -2.863331e-17      5.333000e-01
    198      1.000000e+00      1.000000e+00     -1.392793e-17      5.333000e-01
    199      1.000000e+00      1.000000e+00     -2.812239e-17      5.333000e-01
    200      1.000000e+00      1.000000e+00     -7.543512e-17      5.333000e-01
    201      1.000000e+00      1.000000e+00     -1.559392e-16      5.333000e-01
    202      1.000000e+00      1.000000e+00     -1.347981e-16      5.333000e-01
    203      1.000000e+00      1.000000e+00     -7.537327e-17      5.333000e-01
    204      1.000000e+00      1.000000e+00      3.469960e-17      5.333000e-01
    205      1.000000e+00      1.000000e+00      7.088286e-17      5.333000e-01
    206      1.000000e+00      1.000000e+00      7.203940e-17      5.333000e-01
    207      1.000000e+00      1.000000e+00      7.326459e-17      5.333000e-01
    208      1.000000e+00      1.000000e+00      4.483082e-17      5.333000e-01
    209      1.000000e+00      1.000000e+00      4.431975e-17      5.333000e-01
    210      1.000000e+00      1.000000e+00      7.994898e-17      5.333000e-01
    211      1.000000e+00      1.000000e+00      1.008493e-16      5.333000e-01
    212      1.000000e+00      1.000000e+00      7.049163e-17      5.333000e-01
    213      1.000000e+00      1.000000e+00      6.871840e-17      5.333000e-01
    214      1.000000e+00      1.000000e+00      6.500993e-18      5.333000e-01
    215      1.000000e+00      1.000000e+00     -6.199399e-17      5.333000e-01
    216      1.000000e+00      1.000000e+00     -2.720846e-17      5.333000e-01
    217      1.000000e+00      1.000000e+00      6.828284e-17      5.333000e-01
    218      1.000000e+00      1.000000e+00      1.668649e-17      5.333000e-01
    219      1.000000e+00      1.000000e+00     -7.261538e-17      5.333000e-01
    220      1.000000e+00      1.000000e+00     -2.163899e-17      5.333000e-01
    221      1.000000e+00      1.000000e+00      2.848546e-17      5.333000e-01
    222      1.000000e+00      1.000000e+00      3.632152e-17      5.333000e-01
    223      1.000000e+00      1.000000e+00     -6.766153e-18      5.333000e-01
    224      1.000000e+00      1.000000e+00     -5.276332e-17      5.333000e-01
    225      1.000000e+00      1.000000e+00      5.946137e-17      5.333000e-01
    226      1.000000e+00      1.000000e+00      2.186299e-17      5.333000e-01
    227      1.000000e+00      1.000000e+00     -1.587516e-17      5.333000e-01
    228      1.000000e+00      1.000000e+00     -3.071037e-17      5.333000e-01
    229      1.000000e+00      1.000000e+00     -3.593614e-17      5.333000e-01
    230      1.000000e+00      1.000000e+00      1.532030e-17      5.333000e-01
    231      1.000000e+00      1.000000e+00      2.845343e-17      5.333000e-01
    232      1.000000e+00      1.000000e+00     -1.909905e-17      5.333000e-01
    233      1.000000e+00      1.000000e+00      2.883199e-17      5.333000e-01
    234      1.000000e+00      1.000000e+00      7.308559e-17      5.333000e-01
    235      1.000000e+00      1.000000e+00     -2.080481e-17      5.333000e-01
    236      1.000000e+00      1.000000e+00     -3.902167e-17      5.333000e-01
    237      1.000000e+00      1.000000e+00     -5.208169e-17      5.333000e-01
    238      1.000000e+00      1.000000e+00     -3.043789e-17      5.333000e-01
    239      1.000000e+00      1.000000e+00      9.724750e-17      5.333000e-01
    240      1.000000e+00      1.000000e+00      5.432542e-17      5.333000e-01
    241      1.000000e+00      1.000000e+00     -5.256773e-17      5.333000e-01
    242      1.000000e+00      1.000000e+00      1.079349e-18      5.333000e-01
    243      1.000000e+00      1.000000e+00     -4.354947e-17      5.333000e-01
    244      1.000000e+00      1.000000e+00     -2.341385e-17      5.333000e-01
    245      1.000000e+00      1.000000e+00      7.049442e-17      5.333000e-01
    246      1.000000e+00      1.000000e+00      4.502267e-17      5.333000e-01
    247      1.000000e+00      1.000000e+00     -3.186125e-17      5.333000e-01
    248      1.000000e+00      1.000000e+00     -5.103575e-17      5.333000e-01
    249      1.000000e+00      1.000000e+00      1.282596e-17      5.333000e-01
    250      1.000000e+00      1.000000e+00     -1.573726e-17      5.333000e-01
    251      1.000000e+00      1.000000e+00      2.003989e-17      5.333000e-01
    252      1.000000e+00      1.000000e+00      2.478033e-17      5.333000e-01
    253      1.000000e+00      1.000000e+00     -3.212188e-17      5.333000e-01
    254      1.000000e+00      1.000000e+00      1.473785e-17      5.333000e-01
    255      1.000000e+00      1.000000e+00      1.339837e-17      5.333000e-01
    256      1.000000e+00      1.000000e+00     -7.973660e-18      5.333000e-01
    257      1.000000e+00      1.000000e+00     -6.026768e-20      5.333000e-01
    258      1.000000e+00      1.000000e+00     -5.277852e-17      5.333000e-01
    259      1.000000e+00      1.000000e+00      1.904225e-17      5.333000e-01
    260      1.000000e+00      1.000000e+00      3.243283e-17      5.333000e-01
    261      1.000000e+00      1.000000e+00      6.886991e-17      5.333000e-01
    262      1.000000e+00      1.000000e+00      7.334515e-17      5.333000e-01
    263      2.212754e+00      5.399578e-01     -5.692344e-02      4.280225e-01
    264      4.729472e+00      2.140040e-01     -2.354480e-02      3.977311e-01
    265      5.167195e+00      1.466193e-01      2.699121e-03      4.022948e-01
    266      5.202704e+00      1.325318e-01      7.912607e-03      4.017446e-01
    267      5.305179e+00      1.159928e-01      1.442908e-02      3.977346e-01
    268      5.544461e+00      8.361896e-02      4.503627e-02      3.891522e-01
    269      5.766710e+00      6.535009e-02      6.499580e-02      3.905387e-01
    270      5.642051e+00      2.392260e-02      8.832608e-02      3.888900e-01
    271      5.540244e+00      4.752403e-02      1.089508e-01      3.946085e-01
    272      5.398821e+00      7.055356e-02      1.438863e-01      4.000434e-01
    273      5.252268e+00      7.832132e-02      1.761028e-01      4.021529e-01
    274      5.109047e+00      9.270543e-02      1.951683e-01      4.025598e-01
    275      5.020256e+00      1.064846e-01      2.055628e-01      4.031142e-01
    276      4.914540e+00      1.215439e-01      2.189911e-01      4.048267e-01
    277      4.750290e+00      1.490890e-01      2.274516e-01      4.058327e-01
    278      4.654701e+00      1.705349e-01      2.295499e-01      4.067361e-01
    279      4.496859e+00      1.948253e-01      2.423495e-01      4.097382e-01
    280      4.239070e+00      2.333136e-01      2.467518e-01      4.111335e-01
    281      4.181482e+00      2.465064e-01      2.435623e-01      4.113372e-01
    282      4.237320e+00      2.523994e-01      2.432909e-01      4.111521e-01
    283      3.376191e+00      3.340693e-01      2.730807e-01      4.214987e-01
    284      2.654217e+00      4.548209e-01      3.057163e-01      4.358556e-01
    285      2.764400e+00      4.543145e-01      2.865815e-01      4.332617e-01
    286      2.610272e+00      4.743849e-01      2.808498e-01      4.378255e-01
    287      2.537012e+00      4.922420e-01      2.691851e-01      4.387846e-01
    288      2.532309e+00      5.008525e-01      2.618997e-01      4.383181e-01
    289      2.222482e+00      5.419982e-01      2.386993e-01      4.430224e-01
    290      1.945027e+00      5.857654e-01      2.122034e-01      4.479815e-01
    291      1.816074e+00      6.053094e-01      1.958282e-01      4.501145e-01
    292      1.644830e+00      6.298714e-01      1.726397e-01      4.531083e-01
    293      1.704335e+00      6.281109e-01      1.781710e-01      4.529955e-01
    294      1.876867e+00      6.087812e-01      1.971754e-01      4.497408e-01
    295      1.998112e+00      5.964069e-01      2.096138e-01      4.476075e-01
    296      2.119922e+00      5.867332e-01      2.241426e-01      4.480023e-01
    297      2.268794e+00      5.752004e-01      2.381821e-01      4.478416e-01
    298      2.422807e+00      5.649188e-01      2.454505e-01      4.460940e-01
    299      2.567210e+00      5.586057e-01      2.501842e-01      4.448453e-01
    300      2.667478e+00      5.558751e-01      2.590408e-01      4.445643e-01
    301      2.743691e+00      5.553081e-01      2.697026e-01      4.448707e-01
    302      2.826568e+00      5.566020e-01      2.791876e-01      4.458370e-01
    303      2.917904e+00      5.604609e-01      2.893757e-01      4.474775e-01
    304      3.034145e+00      5.667093e-01      2.999299e-01      4.494833e-01
    305      3.178320e+00      5.747356e-01      3.111304e-01      4.516939e-01
    306      3.355041e+00      5.841025e-01      3.227248e-01      4.543090e-01
    307      3.561516e+00      5.941448e-01      3.349641e-01      4.574655e-01
    308      3.794844e+00      6.038761e-01      3.477815e-01      4.608235e-01
    309      4.063488e+00      6.131218e-01      3.612286e-01      4.639395e-01
    310      4.389206e+00      6.226834e-01      3.754199e-01      4.664738e-01
    311      4.317618e+00      6.516300e-01      3.680504e-01      4.675606e-01
    312      2.481755e+00      7.502209e-01      2.784138e-01      4.827111e-01
    313      1.000000e+00      1.000000e+00      8.419842e-17      5.333000e-01
    314      1.000000e+00      1.000000e+00      5.548453e-17      5.333000e-01
    315      1.000000e+00      1.000000e+00      2.935764e-16      5.333000e-01
    316      1.000000e+00      1.000000e+00     -1.376263e-12      5.333000e-01
    317      1.000000e+00      1.000000e+00     -2.897357e-10      5.333000e-01
    318      1.000000e+00      1.000000e+00     -5.297305e-09      5.333000e-01
    319      1.000000e+00      1.000000e+00     -2.497997e-08      5.333000e-01
    320      1.000000e+00      1.000000e+00     -1.964247e-08      5.333000e-01
    321      1.000000e+00      1.000000e+00     -6.944643e-17      5.333000e-01
    322      1.000000e+00      1.000000e+00      2.275608e-17      5.333000e-01
    323      1.000000e+00      1.000000e+00      3.449604e-17      5.333000e-01
    324      1.000000e+00      1.000000e+00     -1.077029e-17      5.333000e-01
    325      1.000000e+00      1.000000e+00     -8.030177e-17      5.333000e-01
    326      1.000000e+00      1.000000e+00      3.904814e-17      5.333000e-01
    327      1.000000e+00      1.000000e+00      5.391133e-17      5.333000e-01
    328      1.000000e+00      1.000000e+00      2.167626e-17      5.333000e-01
    329      1.000000e+00      1.000000e+00     -9.585198e-17      5.333000e-01
    330      1.000000e+00      1.000000e+00      1.373119e-17      5.333000e-01
    331      1.000000e+00      1.000000e+00      1.339783e-16      5.333000e-01
    332      1.000000e+00      1.000000e+00     -1.070631e-17      5.333000e-01
    333      1.000000e+00      1.000000e+00     -4.794673e-17      5.333000e-01
    334      1.000000e+00      1.000000e+00     -2.084717e-17      5.333000e-01
    335      1.000000e+00      1.000000e+00     -2.607228e-17      5.333000e-01
    336      1.000000e+00      1.000000e+00      3.391428e-17      5.333000e-01
    337      1.000000e+00      1.000000e+00      4.060950e-17      5.333000e-01
    338      1.000000e+00      1.000000e+00     -2.056820e-17      5.333000e-01
    339      1.000000e+00      1.000000e+00      3.023832e-17      5.333000e-01
    340      1.000000e+00      1.000000e+00      3.704244e-17      5.333000e-01
    341      1.000000e+00      1.000000e+00     -4.224044e-17      5.333000e-01
    342      1.000000e+00      1.000000e+00     -5.716349e-17      5.333000e-01
    343      1.000000e+00      1.000000e+00     -9.589395e-17      5.333000e-01
    344      1.000000e+00      1.000000e+00      1.714351e-17      5.333000e-01
    345      1.000000e+00      1.000000e+00      1.657799e-16      5.333000e-01
    346      1.000000e+00      1.000000e+00     -1.558974e-17      5.333000e-01
    347      1.000000e+00      1.000000e+00     -6.972982e-17      5.333000e-01
    348      1.000000e+00      1.000000e+00     -1.468130e-17      5.333000e-01
    349      1.000000e+00      1.000000e+00     -7.513415e-17      5.333000e-01
    350      1.000000e+00      1.000000e+00      5.286035e-17      5.333000e-01
    351      1.000000e+00      1.000000e+00      1.369305e-16      5.333000e-01
    352      1.000000e+00      1.000000e+00      2.920957e-17      5.333000e-01
    353      1.000000e+00      1.000000e+00     -1.364857e-16      5.333000e-01
    354      1.000000e+00      1.000000e+00     -1.019295e-17      5.333000e-01
    355      1.000000e+00      1.000000e+00      3.190317e-17      5.333000e-01
    356      1.000000e+00      1.000000e+00      7.292271e-18      5.333000e-01
    357      1.000000e+00      1.000000e+00      4.013742e-17      5.333000e-01
    358      1.000000e+00      1.000000e+00     -5.775099e-17      5.333000e-01
    359      1.000000e+00      1.000000e+00     -1.510364e-17      5.333000e-01
    360      1.000000e+00      1.000000e+00      2.143927e-17      5.333000e-01
    361      1.000000e+00      1.000000e+00      3.155727e-18      5.333000e-01
    362      1.000000e+00      1.000000e+00     -2.228167e-18      5.333000e-01
    363      1.000000e+00      1.000000e+00     -4.734831e-18      5.333000e-01
    364      1.000000e+00      1.000000e+00      1.992902e-17      5.333000e-01
    365      1.000000e+00      1.000000e+00      6.294694e-17      5.333000e-01
    366      1.000000e+00      1.000000e+00      6.556426e-17      5.333000e-01
    367      2.488823e+00      4.249600e-01      1.737645e-02      4.246290e-01
    368      4.743990e+00      1.978270e-01      2.235473e-02      4.054776e-01
    369      5.126997e+00      1.619479e-01      2.249781e-02      4.087157e-01
    370      5.128291e+00      1.331951e-01      3.695345e-02      4.079661e-01
    371      5.290439e+00      9.149860e-02      5.125898e-02      4.005143e-01
    372      5.475501e+00      5.947079e-02      7.148072e-02      3.938585e-01
    373      5.391171e+00      1.032580e-01      1.116880e-01      4.013262e-01
    374      5.294277e+00      1.047741e-01      1.513484e-01      4.019088e-01
    375      5.196394e+00      9.714086e-02      1.750011e-01      4.006674e-01
    376      5.148299e+00      9.420458e-02      1.813923e-01      3.992481e-01
    377      5.110979e+00      1.006269e-01      1.864665e-01      4.004109e-01
    378      5.048903e+00      1.145046e-01      1.928485e-01      4.014711e-01
    379      4.946488e+00      1.313944e-01      2.017148e-01      4.024712e-01
    380      4.823237e+00      1.552390e-01      2.085616e-01      4.035699e-01
    381      4.698327e+00      1.817015e-01      2.173454e-01      4.055426e-01
    382      4.523793e+00      2.097800e-01      2.304268e-01      4.079986e-01
    383      4.346588e+00      2.380359e-01      2.399262e-01      4.096497e-01
    384      4.333927e+00      2.524206e-01      2.435946e-01      4.094180e-01
    385      4.310544e+00      2.628874e-01      2.474181e-01      4.104876e-01
    386      3.529521e+00      3.427270e-01      2.798878e-01      4.203762e-01
    387      2.821970e+00      4.462669e-01      2.913447e-01      4.305753e-01
    388      2.891351e+00      4.484241e-01      2.822905e-01      4.290063e-01
    389      2.780480e+00      4.609141e-01      2.781165e-01      4.324615e-01
    390      2.763055e+00      4.734651e-01      2.735035e-01      4.336874e-01
    391      2.745737e+00      4.835974e-01      2.701186e-01      4.350310e-01
    392      2.555501e+00      5.052645e-01      2.588720e-01      4.377810e-01
    393      2.261194e+00      5.441230e-01      2.374168e-01      4.422788e-01
    394      1.992187e+00      5.864277e-01      2.126721e-01      4.474711e-01
    395      1.866435e+00      6.052959e-01      1.981561e-01      4.499097e-01
    396      2.029710e+00      5.878169e-01      2.133165e-01      4.466977e-01
    397      2.184246e+00      5.733461e-01      2.291166e-01      4.457919e-01
    398      2.356163e+00      5.589727e-01      2.456596e-01      4.458268e-01
    399      2.487911e+00      5.497691e-01      2.550392e-01      4.444945e-01
    400      2.614883e+00      5.450323e-01      2.589914e-01      4.433465e-01
    401      2.743010e+00      5.427298e-01      2.613818e-01      4.427242e-01
    402      2.828596e+00      5.430025e-01      2.686963e-01      4.428676e-01
    403      2.891853e+00      5.451164e-01      2.788517e-01      4.438825e-01
    404      2.972103e+00      5.490615e-01      2.883914e-01      4.454952e-01
    405      3.072716e+00      5.555416e-01      2.992694e-01      4.476491e-01
    406      3.206208e+00      5.636494e-01      3.106309e-01      4.498869e-01
    407      3.372595e+00      5.730812e-01      3.227749e-01      4.524338e-01
    408      3.575555e+00      5.833790e-01      3.353687e-01      4.555717e-01
    409      3.810545e+00      5.934752e-01      3.483407e-01      4.590185e-01
    410      4.076696e+00      6.027554e-01      3.616729e-01      4.623296e-01
    411      4.396645e+00      6.125042e-01      3.757322e-01      4.650611e-01
    412      4.303096e+00      6.445577e-01      3.670969e-01      4.659719e-01
    413      2.466347e+00      7.477825e-01      2.764299e-01      4.815756e-01
    414      1.000000e+00      1.000000e+00     -1.143659e-17      5.333000e-01
    415      1.000000e+00      1.000000e+00      1.125449e-16      5.333000e-01
    416      1.000000e+00      1.000000e+00      1.217206e-16      5.333000e-01
    417      1.000000e+00      1.000000e+00      2.023332e-16      5.333000e-01
    418      1.000000e+00      1.000000e+00     -1.439984e-12      5.333000e-01
    419      1.000000e+00      1.000000e+00     -3.103637e-10      5.333000e-01
    420      1.000000e+00      1.000000e+00     -5.802852e-09      5.333000e-01
    421      1.000000e+00      1.000000e+00     -2.751398e-08      5.333000e-01
    422      1.000000e+00      1.000000e+00     -4.380618e-08      5.333000e-01
    423      1.000000e+00      1.000000e+00     -1.318361e-08      5.333000e-01
    424      1.000000e+00      1.000000e+00     -3.772457e-08      5.333000e-01
    425      1.000000e+00      1.000000e+00     -6.154364e-08      5.333000e-01
    426      1.000001e+00      1.000000e+00     -8.118231e-08      5.333000e-01
    427      1.000001e+00      1.000000e+00     -9.923302e-08      5.333000e-01
    428      1.000001e+00      1.000000e+00     -7.174493e-08      5.333000e-01
    429      1.000000e+00      1.000000e+00     -4.702780e-17      5.333000e-01
    430      1.000000e+00      1.000000e+00     -5.613551e-17      5.333000e-01
    431      1.000000e+00      1.000000e+00     -5.353819e-17      5.333000e-01
    432      1.000000e+00      1.000000e+00     -7.478553e-17      5.333000e-01
    433      1.000000e+00      1.000000e+00     -9.989156e-17      5.333000e-01
    434      1.000000e+00      1.000000e+00     -9.718084e-17      5.333000e-01
    435      1.000000e+00      1.000000e+00     -1.426350e-17      5.333000e-01
    436      1.000000e+00      1.000000e+00      1.140490e-16      5.333000e-01
    437      1.000000e+00      1.000000e+00      1.247180e-16      5.333000e-01
    438      1.000000e+00      1.000000e+00      3.389198e-17      5.333000e-01
    439      1.000000e+00      1.000000e+00      2.471455e-17      5.333000e-01
    440      1.000000e+00      1.000000e+00      1.668116e-17      5.333000e-01
    441      1.000000e+00      1.000000e+00      2.026930e-17      5.333000e-01
    442      1.000000e+00      1.000000e+00      2.984390e-17      5.333000e-01
    443      1.000000e+00      1.000000e+00      2.547877e-17      5.333000e-01
    444      1.000000e+00      1.000000e+00      2.031477e-17      5.333000e-01
    445      1.000000e+00      1.000000e+00      2.332508e-17      5.333000e-01
    446      1.000000e+00      1.000000e+00     -2.733468e-17      5.333000e-01
    447      1.000000e+00      1.000000e+00     -3.061260e-17      5.333000e-01
    448      1.000000e+00      1.000000e+00     -3.387944e-17      5.333000e-01
    449      1.000000e+00      1.000000e+00     -3.464035e-17      5.333000e-01
    450      1.000000e+00      1.000000e+00      3.674508e-17      5.333000e-01
    451      1.000000e+00      1.000000e+00      7.227442e-17      5.333000e-01
    452      1.000000e+00      1.000000e+00      1.081931e-16      5.333000e-01
    453      1.000000e+00      1.000000e+00     -4.446837e-17      5.333000e-01
    454      1.000000e+00      1.000000e+00     -1.187892e-16      5.333000e-01
    455      1.000000e+00      1.000000e+00      6.551595e-17      5.333000e-01
    456      1.000000e+00      1.000000e+00      1.523118e-16      5.333000e-01
    457      1.000000e+00      1.000000e+00     -5.527106e-17      5.333000e-01
    458      1.000000e+00      1.000000e+00     -8.055171e-17      5.333000e-01
    459      1.000000e+00      1.000000e+00      1.178820e-17      5.333000e-01
    460      1.000000e+00      1.000000e+00     -4.436162e-17      5.333000e-01
    461      1.000000e+00      1.000000e+00      1.648234e-17      5.333000e-01
    462      1.000000e+00      1.000000e+00      1.024279e-16      5.333000e-01
    463      1.000000e+00      1.000000e+00      2.908186e-17      5.333000e-01
    464      1.000000e+00      1.000000e+00     -1.397423e-17      5.333000e-01
    465      1.000000e+00      1.000000e+00      4.303472e-17      5.333000e-01
    466      1.000000e+00      1.000000e+00     -3.018517e-17      5.333000e-01
    467      1.000000e+00      1.000000e+00     -8.835522e-17      5.333000e-01
    468      1.000000e+00      1.000000e+00     -1.380288e-16      5.333000e-01
    469      1.000000e+00      1.000000e+00      1.277152e-16      5.333000e-01
    470      1.000000e+00      1.000000e+00      1.424697e-16      5.333000e-01
    471      1.000000e+00      1.000000e+00     -4.764163e-17      5.333000e-01
    472      1.000000e+00      1.000000e+00     -7.330404e-17      5.333000e-01
    473      1.000000e+00      1.000000e+00     -5.911094e-17      5.333000e-01
    474      1.000000e+00      1.000000e+00     -3.768794e-17      5.333000e-01
    475      1.000000e+00      1.000000e+00      8.971286e-17      5.333000e-01
    476      1.000000e+00      1.000000e+00      1.847417e-16      5.333000e-01
    477      1.000000e+00      1.000000e+00     -5.936088e-17      5.333000e-01
    478      1.000000e+00      1.000000e+00     -1.384313e-16      5.333000e-01
    479      1.000000e+00      1.000000e+00      2.912923e-17      5.333000e-01
    480      1.000000e+00      1.000000e+00      7.468511e-17      5.333000e-01
    481      1.000000e+00      1.000000e+00      5.122568e-17      5.333000e-01
    482      1.000000e+00      1.000000e+00     -9.516971e-18      5.333000e-01
    483      1.000000e+00      1.000000e+00     -9.863400e-17      5.333000e-01
    484      1.000000e+00      1.000000e+00      1.393987e-17      5.333000e-01
    485      1.000000e+00      1.000000e+00      1.478477e-17      5.333000e-01
    486      1.000000e+00      1.000000e+00     -7.450533e-17      5.333000e-01
    487      1.000000e+00      1.000000e+00     -6.060752e-17      5.333000e-01
    488      1.000000e+00      1.000000e+00      6.155292e-17      5.333000e-01
    489      1.000000e+00      1.000000e+00      3.277248e-17      5.333000e-01
    490      2.837746e+00      4.807917e-01     -2.195401e-02      4.273996e-01
    491      4.890559e+00      3.229324e-01      3.248151e-03      4.054495e-01
    492      5.193183e+00      2.754049e-01      6.177339e-02      4.037600e-01
    493      5.296015e+00      2.236417e-01      9.294422e-02      4.030103e-01
    494      5.369184e+00      1.603137e-01      1.003945e-01      4.018999e-01
    495      5.273126e+00      1.513303e-01      1.453709e-01      3.998982e-01
    496      5.205883e+00      1.169163e-01      1.658436e-01      3.969290e-01
    497      5.159800e+00      9.197832e-02      1.675394e-01      3.945316e-01
    498      5.177693e+00      8.160984e-02      1.590848e-01      3.938530e-01
    499      5.173143e+00      9.626386e-02      1.550903e-01      3.951850e-01
    500      5.072351e+00      1.157549e-01      1.659751e-01      3.965511e-01
    501      4.986669e+00      1.417202e-01      1.794737e-01      3.987525e-01
    502      4.898130e+00      1.760656e-01      1.980588e-01      4.020178e-01
    503      4.764193e+00      2.037876e-01      2.154287e-01      4.047265e-01
    504      4.608152e+00      2.276013e-01      2.299249e-01      4.067605e-01
    505      4.479024e+00      2.492379e-01      2.418636e-01      4.086636e-01
    506      4.450173e+00      2.695290e-01      2.527953e-01      4.105938e-01
    507      4.424994e+00      2.829333e-01      2.622237e-01      4.121220e-01
    508      4.131887e+00      3.195172e-01      2.850374e-01      4.175636e-01
    509      3.253868e+00      4.023184e-01      2.968558e-01      4.263022e-01
    510      3.231881e+00      4.250997e-01      2.936334e-01      4.300558e-01
    511      2.935314e+00      4.586841e-01      2.802204e-01      4.311506e-01
    512      2.908112e+00      4.696242e-01      2.777681e-01      4.330871e-01
    513      2.862683e+00      4.784748e-01      2.741368e-01      4.343232e-01
    514      2.742337e+00      4.915201e-01      2.677400e-01      4.360765e-01
    515      2.572104e+00      5.112266e-01      2.572964e-01      4.381893e-01
    516      2.288055e+00      5.477515e-01      2.366848e-01      4.421579e-01
    517      2.308121e+00      5.515812e-01      2.383503e-01      4.426861e-01
    518      2.493124e+00      5.363833e-01      2.538018e-01      4.424800e-01
    519      2.600291e+00      5.310725e-01      2.615001e-01      4.420525e-01
    520      2.676311e+00      5.308223e-01      2.668608e-01      4.417651e-01
    521      2.777936e+00      5.308581e-01      2.692578e-01      4.415627e-01
    522      2.895032e+00      5.312657e-01      2.701111e-01      4.411387e-01
    523      2.971859e+00      5.336468e-01      2.768330e-01      4.418870e-01
    524      3.030642e+00      5.377486e-01      2.872231e-01      4.435174e-01
    525      3.121972e+00      5.441347e-01      2.977714e-01      4.457246e-01
    526      3.242821e+00      5.522580e-01      3.097301e-01      4.480717e-01
    527      3.401976e+00      5.615456e-01      3.222361e-01      4.504932e-01
    528      3.597423e+00      5.719493e-01      3.356705e-01      4.536038e-01
    529      3.832698e+00      5.824683e-01      3.492238e-01      4.571336e-01
    530      4.099100e+00      5.918901e-01      3.626385e-01      4.606133e-01
    531      4.407281e+00      6.014960e-01      3.762613e-01      4.635853e-01
    532      4.263056e+00      6.375613e-01      3.649889e-01      4.643507e-01
    533      2.430287e+00      7.474081e-01      2.719588e-01      4.805570e-01
    534      1.000000e+00      1.000000e+00     -1.861207e-16      5.333000e-01
    535      1.000000e+00      1.000000e+00     -2.258563e-17      5.333000e-01
    536      1.000000e+00      1.000000e+00      5.615090e-17      5.333000e-01
    537      1.000000e+00      1.000000e+00      1.436057e-16      5.333000e-01
    538      1.000000e+00      1.000000e+00      2.326867e-16      5.333000e-01
    539      1.000000e+00      1.000000e+00     -1.534271e-12      5.333000e-01
    540      1.000000e+00      1.000000e+00     -3.399220e-10      5.333000e-01
    541      1.000000e+00      1.000000e+00     -6.443203e-09      5.333000e-01
    542      1.000000e+00      1.000000e+00     -3.562762e-08      5.333000e-01
    543      1.000000e+00      1.000000e+00     -3.173353e-08      5.333000e-01
    544      1.000000e+00      1.000000e+00     -2.417121e-08      5.333000e-01
    545      1.000000e+00      1.000000e+00     -1.094204e-08      5.333000e-01
    546      1.000000e+00      1.000000e+00     -1.336426e-16      5.333000e-01
    547      1.000000e+00      1.000000e+00     -1.293655e-16      5.333000e-01
    548      1.000000e+00      1.000000e+00     -6.891640e-17      5.333000e-01
    549      1.000000e+00      1.000000e+00     -3.625135e-17      5.333000e-01
    550      1.000000e+00      1.000000e+00     -1.502801e-17      5.333000e-01
    551      1.000000e+00      1.000000e+00     -5.129624e-17      5.333000e-01
    552      1.000000e+00      1.000000e+00     -6.073324e-17      5.333000e-01
    553      1.000000e+00      1.000000e+00      6.198697e-17      5.333000e-01
    554      1.000000e+00      1.000000e+00      5.117588e-17      5.333000e-01
    555      1.000000e+00      1.000000e+00     -3.450285e-17      5.333000e-01
    556      1.000000e+00      1.000000e+00     -6.932428e-17      5.333000e-01
    557      1.000000e+00      1.000000e+00     -8.918906e-17      5.333000e-01
    558      1.000000e+00      1.000000e+00     -1.104988e-16      5.333000e-01
    559      1.000000e+00      1.000000e+00     -9.239354e-17      5.333000e-01
    560      1.000000e+00      1.000000e+00     -1.254721e-16      5.333000e-01
    561      1.000000e+00      1.000000e+00     -7.383699e-17      5.333000e-01
    562      1.000000e+00      1.000000e+00     -5.926795e-17      5.333000e-01
    563      1.000000e+00      1.000000e+00     -5.793271e-17      5.333000e-01
    564      1.000000e+00      1.000000e+00      6.379634e-18      5.333000e-01
    565      1.000000e+00      1.000000e+00      1.217489e-16      5.333000e-01
    566      1.000000e+00      1.000000e+00      1.453362e-16      5.333000e-01
    567      1.000000e+00      1.000000e+00      1.114885e-16      5.333000e-01
    568      1.000000e+00      1.000000e+00     -9.585649e-17      5.333000e-01
    569      1.000000e+00      1.000000e+00     -9.925976e-17      5.333000e-01
    570      1.000000e+00      1.000000e+00      9.162662e-17      5.333000e-01
    571      1.000000e+00      1.000000e+00      8.863969e-17      5.333000e-01
    572      1.000000e+00      1.000000e+00     -7.341696e-17      5.333000e-01
    573      1.000000e+00      1.000000e+00     -5.460951e-17      5.333000e-01
    574      1.000000e+00      1.000000e+00      1.953749e-17      5.333000e-01
    575      1.000000e+00      1.000000e+00     -1.172614e-16      5.333000e-01
    576      1.000000e+00      1.000000e+00      2.872358e-18      5.333000e-01
    577      1.000000e+00      1.000000e+00      1.290029e-16      5.333000e-01
    578      1.000000e+00      1.000000e+00     -1.840338e-17      5.333000e-01
    579      1.000000e+00      1.000000e+00      2.691166e-17      5.333000e-01
    580      1.000000e+00      1.000000e+00      9.044414e-17      5.333000e-01
    581      1.000000e+00      1.000000e+00      1.283955e-17      5.333000e-01
    582      1.000000e+00      1.000000e+00     -2.017239e-16      5.333000e-01
    583      1.000000e+00      1.000000e+00     -7.134136e-17      5.333000e-01
    584      1.000000e+00      1.000000e+00      2.415082e-16      5.333000e-01
    585      1.000000e+00      1.000000e+00      1.382983e-16      5.333000e-01
    586      1.000000e+00      1.000000e+00     -7.144217e-17      5.333000e-01
    587      1.000000e+00      1.000000e+00     -1.600961e-16      5.333000e-01
    588      1.000000e+00      1.000000e+00     -6.404733e-17      5.333000e-01
    589      1.000000e+00      1.000000e+00     -2.269763e-18      5.333000e-01
    590      1.000000e+00      1.000000e+00      9.702506e-17      5.333000e-01
    591      1.000000e+00      1.000000e+00      1.409846e-16      5.333000e-01
    592      1.000000e+00      1.000000e+00     -9.926398e-17      5.333000e-01
    593      1.000000e+00      1.000000e+00     -1.220911e-16      5.333000e-01
    594      1.000000e+00      1.000000e+00      8.089902e-17      5.333000e-01
    595      1.000000e+00      1.000000e+00      8.030114e-17      5.333000e-01
    596      1.000000e+00      1.000000e+00      6.334591e-17      5.333000e-01
    597      1.000000e+00      1.000000e+00     -2.160301e-17      5.333000e-01
    598      1.000000e+00      1.000000e+00     -1.213220e-16      5.333000e-01
    599      1.000000e+00      1.000000e+00      3.779090e-17      5.333000e-01
    600      1.199645e+00      9.038806e-01      4.932457e-02      5.041340e-01
    601      1.950175e+00      4.571242e-01      2.371028e-02      4.486047e-01
    602      1.413487e+00      8.072553e-01     -9.977287e-02      4.921223e-01
    603      3.020491e+00      3.069016e-01     -6.573483e-02      4.240291e-01
    604      4.065701e+00      1.935290e-01      1.825646e-02      4.037221e-01
    605      4.729000e+00      2.038522e-01      1.012038e-01      3.931440e-01
    606      5.095232e+00      1.934130e-01      1.404975e-01      3.973289e-01
    607      5.059156e+00      1.356162e-01      1.569301e-01      3.931252e-01
    608      5.009331e+00      7.546491e-02      1.351443e-01      3.893877e-01
    609      5.079473e+00      4.834521e-02      1.042207e-01      3.890173e-01
    610      5.179792e+00      8.167848e-02      1.113405e-01      3.916665e-01
    611      5.157859e+00      1.099359e-01      1.316698e-01      3.941884e-01
    612      5.107674e+00      1.457999e-01      1.583083e-01      3.969718e-01
    613      5.087384e+00      1.887285e-01      1.919943e-01      4.018781e-01
    614      5.036329e+00      2.249105e-01      2.243782e-01      4.061282e-01
    615      4.893456e+00      2.399958e-01      2.382865e-01      4.077774e-01
    616      4.750604e+00      2.583533e-01      2.495269e-01      4.095780e-01
    617      4.639852e+00      2.766726e-01      2.611702e-01      4.112874e-01
    618      4.596816e+00      2.906062e-01      2.705071e-01      4.127673e-01
    619      4.538566e+00      3.000717e-01      2.765521e-01      4.140800e-01
    620      4.359128e+00      3.234357e-01      2.881493e-01      4.176122e-01
    621      3.822834e+00      3.683824e-01      2.981867e-01      4.244402e-01
    622      3.570682e+00      4.059607e-01      3.005126e-01      4.287793e-01
    623      3.227072e+00      4.393849e-01      2.942374e-01      4.324350e-01
    624      3.105395e+00      4.585535e-01      2.881687e-01      4.334463e-01
    625      3.013895e+00      4.714866e-01      2.815047e-01      4.344087e-01
    626      2.902754e+00      4.846295e-01      2.749796e-01      4.357718e-01
    627      2.768475e+00      4.990903e-01      2.679808e-01      4.374882e-01
    628      2.607693e+00      5.164704e-01      2.590181e-01      4.392418e-01
    629      2.702550e+00      5.154072e-01      2.651951e-01      4.397504e-01
    630      2.750412e+00      5.183652e-01      2.699218e-01      4.401279e-01
    631      2.815005e+00      5.205226e-01      2.752581e-01      4.406528e-01
    632      2.911660e+00      5.217037e-01      2.771149e-01      4.402876e-01
    633      3.030544e+00      5.231832e-01      2.777619e-01      4.402895e-01
    634      3.107751e+00      5.261979e-01      2.844273e-01      4.414263e-01
    635      3.178975e+00      5.324545e-01      2.962449e-01      4.437512e-01
    636      3.294218e+00      5.403082e-01      3.082001e-01      4.461873e-01
    637      3.444620e+00      5.493669e-01      3.214411e-01      4.485075e-01
    638      3.635336e+00      5.596887e-01      3.354629e-01      4.515085e-01
    639      3.865882e+00      5.706738e-01      3.501672e-01      4.551517e-01
    640      4.134462e+00      5.805648e-01      3.642036e-01      4.588038e-01
    641      4.426169e+00      5.897869e-01      3.772020e-01      4.619942e-01
    642      4.188302e+00      6.308921e-01      3.614597e-01      4.627399e-01
    643      2.362011e+00      7.504663e-01      2.636579e-01      4.798699e-01
    644      1.000000e+00      1.000000e+00     -2.834395e-16      5.333000e-01
    645      1.000000e+00      1.000000e+00     -1.590844e-16      5.333000e-01
    646      1.000000e+00      1.000000e+00     -5.423176e-18      5.333000e-01
    647      1.000000e+00      1.000000e+00      4.685621e-17      5.333000e-01
    648      1.000000e+00      1.000000e+00      2.350244e-16      5.333000e-01
    649      1.000000e+00      1.000000e+00      3.276356e-16      5.333000e-01
    650      1.000000e+00      1.000000e+00     -1.707810e-12      5.333000e-01
    651      1.000000e+00      1.000000e+00     -3.902853e-10      5.333000e-01
    652      1.000000e+00      1.000000e+00     -6.365381e-09      5.333000e-01
    653      1.000000e+00      1.000000e+00     -4.632873e-09      5.333000e-01
    654      1.000000e+00      1.000000e+00     -2.287158e-09      5.333000e-01
    655      1.000000e+00      1.000000e+00     -2.704292e-16      5.333000e-01
    656      1.000000e+00      1.000000e+00     -3.421135e-16      5.333000e-01
    657      1.000000e+00      1.000000e+00     -1.831778e-16      5.333000e-01
    658      1.000000e+00      1.000000e+00     -5.346744e-17      5.333000e-01
    659      1.000000e+00      1.000000e+00      4.570124e-17      5.333000e-01
    660      1.000000e+00      1.000000e+00      1.249300e-17      5.333000e-01
    661      1.000000e+00      1.000000e+00     -1.512241e-17      5.333000e-01
    662      1.000000e+00      1.000000e+00      5.553858e-18      5.333000e-01
    663      1.000000e+00      1.000000e+00     -1.451919e-17      5.333000e-01
    664      1.000000e+00      1.000000e+00     -6.082181e-17      5.333000e-01
    665      1.000000e+00      1.000000e+00     -6.819352e-17      5.333000e-01
    666      1.000000e+00      1.000000e+00     -9.444506e-17      5.333000e-01
    667      1.000000e+00      1.000000e+00     -5.668252e-17      5.333000e-01
    668      1.000000e+00      1.000000e+00      9.593746e-18      5.333000e-01
    669      1.000000e+00      1.000000e+00     -3.053214e-17      5.333000e-01
    670      1.000000e+00      1.000000e+00     -2.834971e-17      5.333000e-01
    671      1.000000e+00      1.000000e+00     -1.076357e-16      5.333000e-01
    672      1.000000e+00      1.000000e+00      2.427002e-17      5.333000e-01
    673      1.000000e+00      1.000000e+00      1.229929e-16      5.333000e-01
    674      1.000000e+00      1.000000e+00      2.035136e-16      5.333000e-01
    675      1.000000e+00      1.000000e+00      1.151739e-16      5.333000e-01
    676      1.000000e+00      1.000000e+00     -6.850801e-17      5.333000e-01
    677      1.000000e+00      1.000000e+00     -4.523247e-17      5.333000e-01
    678      1.000000e+00      1.000000e+00      7.472002e-17      5.333000e-01
    679      1.000000e+00      1.000000e+00      8.532460e-17      5.333000e-01
    680      1.000000e+00      1.000000e+00     -7.061482e-17      5.333000e-01
    681      1.000000e+00      1.000000e+00     -1.164158e-16      5.333000e-01
    682      1.000000e+00      1.000000e+00     -8.121062e-17      5.333000e-01
    683      1.000000e+00      1.000000e+00     -9.446848e-17      5.333000e-01
    684      1.000000e+00      1.000000e+00     -1.927733e-17      5.333000e-01
    685      1.000000e+00      1.000000e+00      1.166046e-18      5.333000e-01
    686      1.000000e+00      1.000000e+00     -1.141616e-18      5.333000e-01
    687      1.000000e+00      1.000000e+00      8.925432e-17      5.333000e-01
    688      1.000000e+00      1.000000e+00      1.452289e-16      5.333000e-01
    689      1.000000e+00      1.000000e+00      8.509154e-18      5.333000e-01
    690      1.000000e+00      1.000000e+00     -2.028562e-16      5.333000e-01
    691      1.000000e+00      1.000000e+00      8.795535e-17      5.333000e-01
    692      1.000000e+00      1.000000e+00      2.307865e-16      5.333000e-01
    693      1.000000e+00      1.000000e+00      1.225948e-16      5.333000e-01
    694      1.000000e+00      1.000000e+00     -1.290321e-16      5.333000e-01
    695      1.000000e+00      1.000000e+00     -1.811363e-16      5.333000e-01
    696      1.000000e+00      1.000000e+00     -3.480919e-17      5.333000e-01
    697      1.000000e+00      1.000000e+00     -6.574956e-19      5.333000e-01
    698      1.000000e+00      1.000000e+00      7.544446e-17      5.333000e-01
    699      1.000000e+00      1.000000e+00      1.501386e-16      5.333000e-01
    700      1.000000e+00      1.000000e+00     -5.250024e-17      5.333000e-01
    701      1.000000e+00      1.000000e+00     -7.427331e-17      5.333000e-01
    702      1.000000e+00      1.000000e+00      1.491431e-17      5.333000e-01
    703      1.000000e+00      1.000000e+00      3.788328e-17      5.333000e-01
    704      1.000000e+00      1.000000e+00      1.657686e-16      5.333000e-01
    705      1.000000e+00      1.000000e+00      5.970009e-19      5.333000e-01
    706      1.000000e+00      1.000000e+00     -1.201784e-16      5.333000e-01
    707      1.158511e+00      9.462965e-01      6.064641e-02      5.169980e-01
    708      2.422274e+00      4.798965e-01      1.810997e-01      4.415326e-01
    709      3.043879e+00      5.287076e-02      2.240284e-02      4.245846e-01
    710      3.980418e+00      1.429015e-02      8.241578e-03      3.942891e-01
    711      4.659794e+00      6.013322e-02      9.031407e-02      3.844795e-01
    712      4.838289e+00      2.513983e-02      5.598123e-02      3.841270e-01
    713      5.097963e+00      9.647846e-02      8.990338e-02      3.917637e-01
    714      5.246055e+00      1.584161e-01      1.373162e-01      3.967441e-01
    715      5.273675e+00      1.736488e-01      1.639914e-01      3.989345e-01
    716      5.301778e+00      2.144717e-01      1.982392e-01      4.041372e-01
    717      5.257593e+00      2.440099e-01      2.320668e-01      4.076876e-01
    718      5.203661e+00      2.547654e-01      2.493189e-01      4.080902e-01
    719      5.130719e+00      2.561516e-01      2.513905e-01      4.083760e-01
    720      5.022211e+00      2.665424e-01      2.579772e-01      4.098406e-01
    721      4.868989e+00      2.809493e-01      2.668921e-01      4.115450e-01
    722      4.745855e+00      2.928999e-01      2.757313e-01      4.134226e-01
    723      4.669892e+00      3.007209e-01      2.799725e-01      4.146593e-01
    724      4.598836e+00      3.109675e-01      2.837692e-01      4.161326e-01
    725      4.411557e+00      3.305314e-01      2.905559e-01      4.185366e-01
    726      4.011166e+00      3.625969e-01      2.966787e-01      4.222760e-01
    727      3.773257e+00      3.938717e-01      3.026046e-01      4.264891e-01
    728      3.459962e+00      4.286167e-01      2.981653e-01      4.305488e-01
    729      3.257693e+00      4.562939e-01      2.914397e-01      4.335862e-01
    730      3.086557e+00      4.756521e-01      2.833808e-01      4.353434e-01
    731      2.947930e+00      4.909303e-01      2.769322e-01      4.369418e-01
    732      2.808621e+00      5.044350e-01      2.705275e-01      4.384556e-01
    733      2.815111e+00      5.097524e-01      2.720726e-01      4.391396e-01
    734      2.876900e+00      5.104072e-01      2.777069e-01      4.395198e-01
    735      2.943789e+00      5.122830e-01      2.824456e-01      4.394684e-01
    736      3.046553e+00      5.141717e-01      2.849101e-01      4.395205e-01
    737      3.167826e+00      5.149356e-01      2.851652e-01      4.396622e-01
    738      3.261921e+00      5.197938e-01      2.931795e-01      4.415022e-01
    739      3.358815e+00      5.275502e-01      3.068475e-01      4.442551e-01
    740      3.507548e+00      5.361891e-01      3.201560e-01      4.464133e-01
    741      3.690911e+00      5.464091e-01      3.350506e-01      4.492886e-01
    742      3.917438e+00      5.578075e-01      3.505586e-01      4.529989e-01
    743      4.186670e+00      5.687218e-01      3.661421e-01      4.569097e-01
    744      4.458238e+00      5.775930e-01      3.786241e-01      4.602260e-01
    745      4.075346e+00      6.247638e-01      3.564207e-01      4.611734e-01
    746      2.251832e+00      7.586134e-01      2.500795e-01      4.798363e-01
    747      1.000000e+00      1.000000e+00     -2.257963e-16      5.333000e-01
    748      1.000000e+00      1.000000e+00     -2.049568e-16      5.333000e-01
    749      1.000000e+00      1.000000e+00     -3.469967e-17      5.333000e-01
    750      1.000000e+00      1.000000e+00     -2.109271e-17      5.333000e-01
    751      1.000000e+00      1.000000e+00      5.017474e-17      5.333000e-01
    752      1.000000e+00      1.000000e+00      2.935438e-16      5.333000e-01
    753      1.000000e+00      1.000000e+00      4.269121e-16      5.333000e-01
    754      1.000000e+00      1.000000e+00     -2.056433e-12      5.333000e-01
    755      1.000000e+00      1.000000e+00     -5.065558e-10      5.333000e-01
    756      1.000000e+00      1.000000e+00     -3.691087e-10      5.333000e-01
    757      1.000000e+00      1.000000e+00     -8.193587e-17      5.333000e-01
    758      1.000000e+00      1.000000e+00     -1.191438e-16      5.333000e-01
    759      1.000000e+00      1.000000e+00     -8.199638e-17      5.333000e-01
    760      1.000000e+00      1.000000e+00     -2.567748e-17      5.333000e-01
    761      1.000000e+00      1.000000e+00      6.025745e-17      5.333000e-01
    762      1.000000e+00      1.000000e+00      6.365600e-17      5.333000e-01
    763      1.000000e+00      1.000000e+00      3.517452e-17      5.333000e-01
    764      1.000000e+00      1.000000e+00     -3.914502e-17      5.333000e-01
    765      1.000000e+00      1.000000e+00     -8.027282e-17      5.333000e-01
    766      1.000000e+00      1.000000e+00     -1.098978e-16      5.333000e-01
    767      1.000000e+00      1.000000e+00     -8.424250e-17      5.333000e-01
    768      1.000000e+00      1.000000e+00     -2.796990e-17      5.333000e-01
    769      1.000000e+00      1.000000e+00     -5.339058e-17      5.333000e-01
    770      1.000000e+00      1.000000e+00     -8.835629e-17      5.333000e-01
    771      1.000000e+00      1.000000e+00     -1.776060e-16      5.333000e-01
    772      1.000000e+00      1.000000e+00      6.607339e-17      5.333000e-01
    773      1.000000e+00      1.000000e+00      1.032588e-16      5.333000e-01
    774      1.000000e+00      1.000000e+00      2.520173e-16      5.333000e-01
    775      1.000000e+00      1.000000e+00      1.191684e-16      5.333000e-01
    776      1.000000e+00      1.000000e+00     -9.689853e-17      5.333000e-01
    777      1.000000e+00      1.000000e+00     -4.792691e-17      5.333000e-01
    778      1.000000e+00      1.000000e+00      2.534867e-17      5.333000e-01
    779      1.000000e+00      1.000000e+00      1.177835e-16      5.333000e-01
    780      1.000000e+00      1.000000e+00     -1.748307e-16      5.333000e-01
    781      1.000000e+00      1.000000e+00     -1.997755e-16      5.333000e-01
    782      1.000000e+00      1.000000e+00      2.091575e-18      5.333000e-01
    783      1.000000e+00      1.000000e+00      2.511492e-17      5.333000e-01
    784      1.000000e+00      1.000000e+00     -9.102410e-17      5.333000e-01
    785      1.000000e+00      1.000000e+00     -7.902364e-17      5.333000e-01
    786      1.000000e+00      1.000000e+00     -4.999523e-17      5.333000e-01
    787      1.000000e+00      1.000000e+00      8.938617e-17      5.333000e-01
    788      1.000000e+00      1.000000e+00      2.403451e-16      5.333000e-01
    789      1.000000e+00      1.000000e+00      4.266789e-17      5.333000e-01
    790      1.000000e+00      1.000000e+00     -8.530657e-17      5.333000e-01
    791      1.000000e+00      1.000000e+00      2.214920e-18      5.333000e-01
    792      1.000000e+00      1.000000e+00      2.047867e-16      5.333000e-01
    793      1.000000e+00      1.000000e+00      1.166022e-16      5.333000e-01
    794      1.000000e+00      1.000000e+00     -1.729635e-16      5.333000e-01
    795      1.000000e+00      1.000000e+00     -2.217182e-16      5.333000e-01
    796      1.000000e+00      1.000000e+00     -2.204692e-17      5.333000e-01
    797      1.000000e+00      1.000000e+00      2.698221e-17      5.333000e-01
    798      1.000000e+00      1.000000e+00      1.399615e-16      5.333000e-01
    799      1.000000e+00      1.000000e+00      9.824735e-17      5.333000e-01
    800      1.000000e+00      1.000000e+00     -2.024005e-17      5.333000e-01
    801      1.000000e+00      1.000000e+00     -1.029343e-16      5.333000e-01
    802      1.000000e+00      1.000000e+00     -1.731498e-17      5.333000e-01
    803      1.000000e+00      1.000000e+00      8.891816e-17      5.333000e-01
    804      1.000000e+00      1.000000e+00      1.705063e-16      5.333000e-01
    805      1.385652e+00      8.210857e-01      8.666765e-02      4.867758e-01
    806      2.406445e+00      5.500163e-01      1.698226e-01      4.439967e-01
    807      3.704495e+00      3.776169e-01      2.201190e-01      4.203057e-01
    808      3.980270e+00      1.813317e-01      1.301151e-01      4.124793e-01
    809      4.704219e+00      9.126334e-02      9.381406e-02      3.896541e-01
    810      5.093056e+00      1.804042e-01      1.453446e-01      3.962337e-01
    811      5.369309e+00      2.167334e-01      1.743586e-01      4.008266e-01
    812      5.395178e+00      2.208477e-01      1.926368e-01      4.023337e-01
    813      5.475182e+00      2.338542e-01      2.104719e-01      4.059758e-01
    814      5.518432e+00      2.661614e-01      2.393033e-01      4.088631e-01
    815      5.303698e+00      2.600335e-01      2.539389e-01      4.077561e-01
    816      5.211637e+00      2.534223e-01      2.507155e-01      4.071689e-01
    817      5.162579e+00      2.614459e-01      2.507061e-01      4.088350e-01
    818      5.020031e+00      2.750198e-01      2.604026e-01      4.112075e-01
    819      4.883148e+00      2.880726e-01      2.697569e-01      4.131738e-01
    820      4.744348e+00      2.990354e-01      2.795997e-01      4.150745e-01
    821      4.732849e+00      3.046238e-01      2.816870e-01      4.157730e-01
    822      4.658328e+00      3.160719e-01      2.852004e-01      4.172124e-01
    823      4.477300e+00      3.345943e-01      2.929970e-01      4.196266e-01
    824      4.166929e+00      3.559778e-01      2.989837e-01      4.221649e-01
    825      4.182983e+00      3.634879e-01      3.023253e-01      4.234268e-01
    826      3.882175e+00      3.949997e-01      3.032872e-01      4.268770e-01
    827      3.566835e+00      4.319097e-01      2.984440e-01      4.305979e-01
    828      3.327302e+00      4.586518e-01      2.918379e-01      4.335019e-01
    829      3.122865e+00      4.804081e-01      2.848327e-01      4.357548e-01
    830      2.961624e+00      4.979706e-01      2.795730e-01      4.379306e-01
    831      3.016408e+00      5.013577e-01      2.847723e-01      4.381626e-01
    832      3.090371e+00      5.043857e-01      2.905878e-01      4.386298e-01
    833      3.190359e+00      5.043632e-01      2.922151e-01      4.386267e-01
    834      3.329382e+00      5.068413e-01      2.938562e-01      4.394575e-01
    835      3.456285e+00      5.131856e-01      3.040422e-01      4.420125e-01
    836      3.588967e+00      5.216806e-01      3.190636e-01      4.442368e-01
    837      3.771680e+00      5.318423e-01      3.341149e-01      4.468759e-01
    838      3.985433e+00      5.435447e-01      3.504982e-01      4.506492e-01
    839      4.261878e+00      5.561969e-01      3.676532e-01      4.548913e-01
    840      4.506921e+00      5.652954e-01      3.803177e-01      4.582234e-01
    841      3.925480e+00      6.193501e-01      3.499455e-01      4.596822e-01
    842      2.097560e+00      7.734451e-01      2.299932e-01      4.808638e-01
    843      1.000000e+00      1.000000e+00     -2.549192e-16      5.333000e-01
    844      1.000000e+00      1.000000e+00     -1.664077e-16      5.333000e-01
    845      1.000000e+00      1.000000e+00     -4.853888e-17      5.333000e-01
    846      1.000000e+00      1.000000e+00     -6.998241e-17      5.333000e-01
    847      1.000000e+00      1.000000e+00     -4.840647e-17      5.333000e-01
    848      1.000000e+00      1.000000e+00      7.665993e-17      5.333000e-01
    849      1.000000e+00      1.000000e+00      3.674097e-16      5.333000e-01
    850      1.000000e+00      1.000000e+00      4.781400e-16      5.333000e-01
    851      1.000000e+00      1.000000e+00     -1.705047e-12      5.333000e-01
    852      1.000000e+00      1.000000e+00      2.660827e-16      5.333000e-01
    853      1.000000e+00      1.000000e+00      1.479562e-16      5.333000e-01
    854      1.000000e+00      1.000000e+00      6.308715e-17      5.333000e-01
    855      1.000000e+00      1.000000e+00      7.699926e-17      5.333000e-01
    856      1.000000e+00      1.000000e+00      1.115616e-16      5.333000e-01
    857      1.000000e+00      1.000000e+00      1.647142e-16      5.333000e-01
    858      1.000000e+00      1.000000e+00      1.963885e-16      5.333000e-01
    859      1.000000e+00      1.000000e+00      9.644630e-17      5.333000e-01
    860      1.000000e+00      1.000000e+00      5.795788e-17      5.333000e-01
    861      1.000000e+00      1.000000e+00      4.396690e-17      5.333000e-01
    862      1.000000e+00      1.000000e+00      7.033839e-17      5.333000e-01
    863      1.000000e+00      1.000000e+00      2.054198e-17      5.333000e-01
    864      1.000000e+00      1.000000e+00     -1.074172e-16      5.333000e-01
    865      1.000000e+00      1.000000e+00      1.301803e-16      5.333000e-01
    866      1.000000e+00      1.000000e+00      1.662674e-16      5.333000e-01
    867      1.000000e+00      1.000000e+00      2.824978e-16      5.333000e-01
    868      1.000000e+00      1.000000e+00     -1.787694e-17      5.333000e-01
    869      1.000000e+00      1.000000e+00     -8.726986e-17      5.333000e-01
    870      1.000000e+00      1.000000e+00     -5.857019e-17      5.333000e-01
    871      1.000000e+00      1.000000e+00      5.325829e-17      5.333000e-01
    872      1.000000e+00      1.000000e+00      3.411836e-17      5.333000e-01
    873      1.000000e+00      1.000000e+00     -2.073547e-16      5.333000e-01
    874      1.000000e+00      1.000000e+00     -4.489771e-17      5.333000e-01
    875      1.000000e+00      1.000000e+00      6.134149e-17      5.333000e-01
    876      1.000000e+00      1.000000e+00     -5.219740e-17      5.333000e-01
    877      1.000000e+00      1.000000e+00     -1.117932e-16      5.333000e-01
    878      1.000000e+00      1.000000e+00     -1.774740e-16      5.333000e-01
    879      1.000000e+00      1.000000e+00     -2.852313e-17      5.333000e-01
    880      1.000000e+00      1.000000e+00      2.143514e-16      5.333000e-01
    881      1.000000e+00      1.000000e+00      2.793551e-16      5.333000e-01
    882      1.000000e+00      1.000000e+00      7.316212e-17      5.333000e-01
    883      1.000000e+00      1.000000e+00     -1.893745e-16      5.333000e-01
    884      1.000000e+00      1.000000e+00     -2.152022e-17      5.333000e-01
    885      1.000000e+00      1.000000e+00      2.292818e-16      5.333000e-01
    886      1.000000e+00      1.000000e+00      3.791858e-17      5.333000e-01
    887      1.000000e+00      1.000000e+00     -2.209423e-16      5.333000e-01
    888      1.000000e+00      1.000000e+00     -1.611540e-16      5.333000e-01
    889      1.000000e+00      1.000000e+00     -1.662623e-18      5.333000e-01
    890      1.000000e+00      1.000000e+00     -2.749792e-17      5.333000e-01
    891      1.000000e+00      1.000000e+00      8.247559e-17      5.333000e-01
    892      1.000000e+00      1.000000e+00      1.131282e-16      5.333000e-01
    893      1.000000e+00      1.000000e+00      4.019189e-17      5.333000e-01
    894      1.287657e+00      8.907011e-01      7.725731e-02      5.019264e-01
    895      1.869068e+00      6.561846e-01      1.360865e-01      4.549708e-01
    896      2.399679e+00      4.913322e-01      1.341152e-01      4.343491e-01
    897      3.138393e+00      4.343350e-01      1.931905e-01      4.257560e-01
    898      4.144946e+00      3.691131e-01      2.329862e-01      4.187067e-01
    899      5.077210e+00      2.918415e-01      2.209529e-01      4.099155e-01
    900      5.470798e+00      2.563401e-01      2.257146e-01      4.093560e-01
    901      5.507833e+00      2.804469e-01      2.372080e-01      4.089473e-01
    902      5.029482e+00      2.827255e-01      2.140351e-01      4.062679e-01
    903      5.196940e+00      2.514337e-01      2.388444e-01      4.073815e-01
    904      5.044870e+00      2.388273e-01      2.346798e-01      4.076003e-01
    905      5.211348e+00      2.510494e-01      2.341779e-01      4.093569e-01
    906      5.103657e+00      2.761565e-01      2.529773e-01      4.129613e-01
    907      4.990046e+00      2.850343e-01      2.667254e-01      4.138125e-01
    908      4.888566e+00      2.971782e-01      2.748063e-01      4.155144e-01
    909      4.754491e+00      3.096377e-01      2.881266e-01      4.172445e-01
    910      4.836271e+00      3.132664e-01      2.865562e-01      4.170449e-01
    911      4.750040e+00      3.282741e-01      2.932475e-01      4.186807e-01
    912      4.582401e+00      3.467991e-01      3.043946e-01      4.210561e-01
    913      4.355574e+00      3.684330e-01      3.101902e-01      4.237313e-01
    914      4.243564e+00      3.842857e-01      3.088192e-01      4.252768e-01
    915      3.959262e+00      4.013767e-01      3.034589e-01      4.272428e-01
    916      3.730649e+00      4.322958e-01      3.029989e-01      4.308354e-01
    917      3.360306e+00      4.663701e-01      2.952091e-01      4.344093e-01
    918      3.147632e+00      4.867049e-01      2.885920e-01      4.364664e-01
    919      3.185667e+00      4.923828e-01      2.942144e-01      4.373119e-01
    920      3.231090e+00      4.947569e-01      2.971461e-01      4.377159e-01
    921      3.354552e+00      4.944687e-01      3.005075e-01      4.380294e-01
    922      3.542559e+00      4.977279e-01      3.052889e-01      4.399386e-01
    923      3.709461e+00      5.049689e-01      3.164509e-01      4.417146e-01
    924      3.875460e+00      5.160086e-01      3.333052e-01      4.443456e-01
    925      4.074922e+00      5.275834e-01      3.493747e-01      4.479903e-01
    926      4.351927e+00      5.427207e-01      3.686963e-01      4.527890e-01
    927      4.578603e+00      5.538034e-01      3.812424e-01      4.559138e-01
    928      3.738216e+00      6.151294e-01      3.420713e-01      4.583488e-01
    929      1.903217e+00      7.965738e-01      2.021495e-01      4.835071e-01
    930      1.000000e+00      1.000000e+00     -1.880234e-16      5.333000e-01
    931      1.000000e+00      1.000000e+00     -2.151555e-16      5.333000e-01
    932      1.000000e+00      1.000000e+00     -1.405622e-16      5.333000e-01
    933      1.000000e+00      1.000000e+00     -1.232265e-16      5.333000e-01
    934      1.000000e+00      1.000000e+00     -1.253351e-16      5.333000e-01
    935      1.000000e+00      1.000000e+00     -1.724341e-17      5.333000e-01
    936      1.000000e+00      1.000000e+00      2.108408e-16      5.333000e-01
    937      1.000000e+00      1.000000e+00      5.447550e-16      5.333000e-01
    938      1.000000e+00      1.000000e+00      5.305684e-16      5.333000e-01
    939      1.000000e+00      1.000000e+00      4.275908e-16      5.333000e-01
    940      1.000000e+00      1.000000e+00      3.938888e-16      5.333000e-01
    941      1.000000e+00      1.000000e+00      3.480646e-16      5.333000e-01
    942      1.000000e+00      1.000000e+00      3.195700e-16      5.333000e-01
    943      1.000000e+00      1.000000e+00      3.766840e-16      5.333000e-01
    944      1.000000e+00      1.000000e+00      3.630937e-16      5.333000e-01
    945      1.000000e+00      1.000000e+00      3.346407e-16      5.333000e-01
    946      1.000000e+00      1.000000e+00      3.638230e-16      5.333000e-01
    947      1.000000e+00      1.000000e+00      3.791100e-16      5.333000e-01
    948      1.000000e+00      1.000000e+00      3.489232e-16      5.333000e-01
    949      1.000000e+00      1.000000e+00      1.923692e-16      5.333000e-01
    950      1.000000e+00      1.000000e+00      3.004685e-16      5.333000e-01
    951      1.000000e+00      1.000000e+00      1.476440e-16      5.333000e-01
    952      1.000000e+00      1.000000e+00     -1.597658e-16      5.333000e-01
    953      1.000000e+00      1.000000e+00     -8.440104e-17      5.333000e-01
    954      1.000000e+00      1.000000e+00     -1.732936e-17      5.333000e-01
    955      1.000000e+00      1.000000e+00      8.788306e-17      5.333000e-01
    956      1.000000e+00      1.000000e+00     -3.354575e-17      5.333000e-01
    957      1.000000e+00      1.000000e+00     -5.885422e-17      5.333000e-01
    958      1.000000e+00      1.000000e+00     -3.947986e-17      5.333000e-01
    959      1.000000e+00      1.000000e+00     -8.604112e-17      5.333000e-01
    960      1.000000e+00      1.000000e+00     -1.030471e-16      5.333000e-01
    961      1.000000e+00      1.000000e+00     -2.021141e-16      5.333000e-01
    962      1.000000e+00      1.000000e+00     -1.923577e-16      5.333000e-01
    963      1.000000e+00      1.000000e+00      1.345275e-16      5.333000e-01
    964      1.000000e+00      1.000000e+00      3.009011e-16      5.333000e-01
    965      1.000000e+00      1.000000e+00      2.725634e-16      5.333000e-01
    966      1.000000e+00      1.000000e+00      2.543208e-17      5.333000e-01
    967      1.000000e+00      1.000000e+00     -1.982414e-16      5.333000e-01
    968      1.000000e+00      1.000000e+00      8.169638e-17      5.333000e-01
    969      1.000000e+00      1.000000e+00      1.619190e-16      5.333000e-01
    970      1.000000e+00      1.000000e+00     -6.236285e-17      5.333000e-01
    971      1.000000e+00      1.000000e+00     -1.943685e-16      5.333000e-01
    972      1.000000e+00      1.000000e+00     -1.288175e-16      5.333000e-01
    973      1.000000e+00      1.000000e+00     -1.497043e-16      5.333000e-01
    974      1.000000e+00      1.000000e+00     -6.526609e-17      5.333000e-01
    975      1.317395e+00      8.732266e-01      8.439374e-02      4.978499e-01
    976      1.865529e+00      6.457532e-01      1.225679e-01      4.475568e-01
    977      2.720900e+00      5.268775e-01      1.984255e-01      4.369671e-01
    978      3.536225e+00      4.055188e-01      2.268505e-01      4.229544e-01
    979      4.193333e+00      2.988335e-01      2.027210e-01      4.094977e-01
    980      5.130860e+00      2.954009e-01      2.421698e-01      4.122442e-01
    981      5.360129e+00      2.890067e-01      2.496880e-01      4.141253e-01
    982      5.054529e+00      2.935414e-01      2.731333e-01      4.144787e-01
    983      5.065705e+00      2.929526e-01      2.718331e-01      4.149001e-01
    984      4.958858e+00      3.107145e-01      2.852350e-01      4.167147e-01
    985      4.863654e+00      3.251996e-01      3.002364e-01      4.183237e-01
    986      5.054012e+00      3.335413e-01      2.999186e-01      4.180353e-01
    987      4.908582e+00      3.510121e-01      3.152667e-01      4.209878e-01
    988      4.774218e+00      3.635237e-01      3.230351e-01      4.234249e-01
    989      4.599043e+00      3.817374e-01      3.248534e-01      4.257937e-01
    990      4.541515e+00      3.979300e-01      3.218191e-01      4.276211e-01
    991      4.213076e+00      4.029938e-01      3.114553e-01      4.275420e-01
    992      4.067149e+00      4.255765e-01      3.191451e-01      4.314749e-01
    993      3.661832e+00      4.526042e-01      3.110322e-01      4.341195e-01
    994      3.367611e+00      4.758892e-01      3.008742e-01      4.356937e-01
    995      3.385617e+00      4.830860e-01      3.038437e-01      4.366730e-01
    996      3.595984e+00      4.813415e-01      3.127192e-01      4.381723e-01
    997      3.820232e+00      4.868628e-01      3.177783e-01      4.394089e-01
    998      4.021126e+00      4.989842e-01      3.309460e-01      4.415922e-01
    999      4.180508e+00      5.101680e-01      3.477996e-01      4.450928e-01
   1000      4.453301e+00      5.277707e-01      3.682021e-01      4.504892e-01
   1001      4.651410e+00      5.452732e-01      3.811919e-01      4.535382e-01
   1002      3.512385e+00      6.139313e-01      3.315935e-01      4.573845e-01
   1003      1.673575e+00      8.302355e-01      1.645323e-01      4.886957e-01
   1004      1.000000e+00      1.000000e+00     -8.324658e-17      5.333000e-01
   1005      1.000000e+00      1.000000e+00     -1.058999e-16      5.333000e-01
   1006      1.000000e+00      1.000000e+00     -1.729525e-16      5.333000e-01
   1007      1.000000e+00      1.000000e+00     -1.947428e-16      5.333000e-01
   1008      1.000000e+00      1.000000e+00     -1.786189e-16      5.333000e-01
   1009      1.000000e+00      1.000000e+00     -1.530729e-16      5.333000e-01
   1010      1.000000e+00      1.000000e+00      3.736472e-17      5.333000e-01
   1011      1.000000e+00      1.000000e+00      3.808887e-16      5.333000e-01
   1012      1.000000e+00      1.000000e+00      5.924475e-16      5.333000e-01
   1013      1.000000e+00      1.000000e+00      5.791171e-16      5.333000e-01
   1014      1.000000e+00      1.000000e+00      6.204936e-16      5.333000e-01
   1015      1.000000e+00      1.000000e+00      5.634299e-16      5.333000e-01
   1016      1.000000e+00      1.000000e+00      5.135153e-16      5.333000e-01
   1017      1.000000e+00      1.000000e+00      5.050370e-16      5.333000e-01
   1018      1.000000e+00      1.000000e+00      4.934844e-16      5.333000e-01
   1019      1.000000e+00      1.000000e+00      4.479878e-16      5.333000e-01
   1020      1.000000e+00      1.000000e+00      4.419879e-16      5.333000e-01
   1021      1.000000e+00      1.000000e+00      4.163208e-16      5.333000e-01
   1022      1.000000e+00      1.000000e+00      3.747177e-16      5.333000e-01
   1023      1.000000e+00      1.000000e+00      5.141671e-17      5.333000e-01
   1024      1.000000e+00      1.000000e+00     -2.153416e-16      5.333000e-01
   1025      1.000000e+00      1.000000e+00     -9.047683e-17      5.333000e-01
   1026      1.000000e+00      1.000000e+00      7.864440e-18      5.333000e-01
   1027      1.000000e+00      1.000000e+00      4.378823e-17      5.333000e-01
   1028      1.000000e+00      1.000000e+00      4.186501e-17      5.333000e-01
   1029      1.000000e+00      1.000000e+00     -8.032465e-17      5.333000e-01
   1030      1.000000e+00      1.000000e+00     -1.759543e-16      5.333000e-01
   1031      1.000000e+00      1.000000e+00     -2.011380e-16      5.333000e-01
   1032      1.000000e+00      1.000000e+00     -2.036159e-16      5.333000e-01
   1033      1.000000e+00      1.000000e+00     -1.864140e-16      5.333000e-01
   1034      1.000000e+00      1.000000e+00     -3.336260e-17      5.333000e-01
   1035      1.000000e+00      1.000000e+00      2.516630e-16      5.333000e-01
   1036      1.000000e+00      1.000000e+00      2.651540e-16      5.333000e-01
   1037      1.000000e+00      1.000000e+00      2.780642e-16      5.333000e-01
   1038      1.000000e+00      1.000000e+00     -2.955849e-17      5.333000e-01
   1039      1.000000e+00      1.000000e+00     -1.208079e-16      5.333000e-01
   1040      1.000000e+00      1.000000e+00      1.497826e-16      5.333000e-01
   1041      1.000000e+00      1.000000e+00      1.058732e-16      5.333000e-01
   1042      1.000000e+00      1.000000e+00     -5.118423e-17      5.333000e-01
   1043      1.000000e+00      1.000000e+00     -1.891250e-16      5.333000e-01
   1044      1.000000e+00      1.000000e+00     -2.026458e-16      5.333000e-01
   1045      1.572954e+00      7.714635e-01      1.394854e-01      4.819580e-01
   1046      2.496695e+00      5.690030e-01      1.998165e-01      4.382829e-01
   1047      3.733309e+00      3.987755e-01      2.470545e-01      4.196166e-01
   1048      4.553101e+00      3.448165e-01      2.448522e-01      4.122277e-01
   1049      4.781394e+00      3.441215e-01      2.654349e-01      4.131489e-01
   1050      4.108131e+00      4.078093e-01      2.830230e-01      4.216029e-01
   1051      4.809188e+00      3.767286e-01      3.055017e-01      4.194457e-01
   1052      4.308278e+00      4.163341e-01      3.011568e-01      4.248991e-01
   1053      4.671977e+00      3.929501e-01      3.276080e-01      4.270347e-01
   1054      4.827783e+00      3.893629e-01      3.365635e-01      4.274862e-01
   1055      4.866277e+00      3.995568e-01      3.342637e-01      4.292266e-01
   1056      4.751869e+00      4.118023e-01      3.373635e-01      4.320438e-01
   1057      4.437337e+00      4.149060e-01      3.283372e-01      4.308157e-01
   1058      4.266843e+00      4.334059e-01      3.357892e-01      4.340295e-01
   1059      3.958472e+00      4.473407e-01      3.274037e-01      4.352825e-01
   1060      3.635880e+00      4.663410e-01      3.154613e-01      4.362045e-01
   1061      3.913828e+00      4.674618e-01      3.268428e-01      4.376248e-01
   1062      4.170957e+00      4.811571e-01      3.323067e-01      4.392018e-01
   1063      4.333065e+00      4.916244e-01      3.440418e-01      4.418386e-01
   1064      4.542966e+00      5.102969e-01      3.659800e-01      4.477773e-01
   1065      4.680531e+00      5.435254e-01      3.779105e-01      4.515923e-01
   1066      3.208743e+00      6.216568e-01      3.191181e-01      4.582193e-01
   1067      1.422320e+00      8.767434e-01      1.132131e-01      4.977452e-01
   1068      1.000000e+00      1.000000e+00     -1.790833e-16      5.333000e-01
   1069      1.000000e+00      1.000000e+00     -1.017943e-16      5.333000e-01
   1070      1.000000e+00      1.000000e+00     -3.367624e-17      5.333000e-01
   1071      1.000000e+00      1.000000e+00     -9.965563e-17      5.333000e-01
   1072      1.000000e+00      1.000000e+00     -2.031372e-16      5.333000e-01
   1073      1.000000e+00      1.000000e+00     -2.553255e-16      5.333000e-01
   1074      1.000000e+00      1.000000e+00     -1.818666e-16      5.333000e-01
   1075      1.000000e+00      1.000000e+00      8.002540e-17      5.333000e-01
   1076      1.000000e+00      1.000000e+00      5.047847e-16      5.333000e-01
   1077      1.000000e+00      1.000000e+00      3.892368e-16      5.333000e-01
   1078      1.000000e+00      1.000000e+00      3.849728e-16      5.333000e-01
   1079      1.000000e+00      1.000000e+00      4.460599e-16      5.333000e-01
   1080      1.000000e+00      1.000000e+00      4.684262e-16      5.333000e-01
   1081      1.000000e+00      1.000000e+00      3.378459e-16      5.333000e-01
   1082      1.000000e+00      1.000000e+00      1.937285e-16      5.333000e-01
   1083      1.000000e+00      1.000000e+00      1.554667e-16      5.333000e-01
   1084      1.000000e+00      1.000000e+00     -8.478630e-18      5.333000e-01
   1085      1.000000e+00      1.000000e+00     -1.608570e-16      5.333000e-01
   1086      1.000000e+00      1.000000e+00     -1.389515e-16      5.333000e-01
   1087      1.000000e+00      1.000000e+00     -1.116787e-16      5.333000e-01
   1088      1.000000e+00      1.000000e+00      9.488154e-17      5.333000e-01
   1089      1.000000e+00      1.000000e+00      1.034233e-17      5.333000e-01
   1090      1.000000e+00      1.000000e+00     -1.682550e-16      5.333000e-01
   1091      1.000000e+00      1.000000e+00     -2.787403e-16      5.333000e-01
   1092      1.000000e+00      1.000000e+00     -3.502001e-16      5.333000e-01
   1093      1.000000e+00      1.000000e+00     -2.281911e-16      5.333000e-01
   1094      1.000000e+00      1.000000e+00     -1.332944e-17      5.333000e-01
   1095      1.000000e+00      1.000000e+00      1.690765e-16      5.333000e-01
   1096      1.000000e+00      1.000000e+00      3.195279e-16      5.333000e-01
   1097      1.000000e+00      1.000000e+00      3.058325e-16      5.333000e-01
   1098      1.000000e+00      1.000000e+00      1.905712e-16      5.333000e-01
   1099      1.000000e+00      1.000000e+00     -1.328617e-16      5.333000e-01
   1100      1.000000e+00      1.000000e+00     -1.482170e-17      5.333000e-01
   1101      1.000000e+00      1.000000e+00      1.541862e-16      5.333000e-01
   1102      1.000000e+00      1.000000e+00      1.522195e-16      5.333000e-01
   1103      1.055426e+00      9.821696e-01      1.626866e-02      5.266441e-01
   1104      1.656807e+00      7.452474e-01      1.551203e-01      4.792569e-01
   1105      2.739062e+00      5.609838e-01      2.495912e-01      4.431791e-01
   1106      2.666592e+00      5.775450e-01      2.591748e-01      4.503332e-01
   1107      3.678287e+00      4.842813e-01      3.089161e-01      4.378095e-01
   1108      3.281401e+00      5.186808e-01      2.877613e-01      4.430534e-01
   1109      4.200978e+00      4.604244e-01      3.186282e-01      4.348820e-01
   1110      4.496841e+00      4.389046e-01      3.434628e-01      4.349097e-01
   1111      4.544313e+00      4.269596e-01      3.458839e-01      4.347644e-01
   1112      4.435443e+00      4.399774e-01      3.485291e-01      4.358341e-01
   1113      4.185579e+00      4.531804e-01      3.399042e-01      4.366005e-01
   1114      4.298085e+00      4.672227e-01      3.403216e-01      4.380425e-01
   1115      4.463250e+00      4.771659e-01      3.420484e-01      4.394475e-01
   1116      4.643109e+00      4.904820e-01      3.587868e-01      4.440547e-01
   1117      4.553086e+00      5.449485e-01      3.678128e-01      4.500083e-01
   1118      2.822940e+00      6.510411e-01      3.020407e-01      4.638855e-01
   1119      1.167202e+00      9.375249e-01      4.981978e-02      5.131083e-01
   1120      1.000000e+00      1.000000e+00     -2.945334e-16      5.333000e-01
   1121      1.000000e+00      1.000000e+00     -2.431239e-16      5.333000e-01
   1122      1.000000e+00      1.000000e+00     -6.268632e-17      5.333000e-01
   1123      1.000000e+00      1.000000e+00      5.176079e-17      5.333000e-01
   1124      1.000000e+00      1.000000e+00     -1.569544e-16      5.333000e-01
   1125      1.000000e+00      1.000000e+00     -2.343718e-16      5.333000e-01
   1126      1.000000e+00      1.000000e+00     -2.806458e-16      5.333000e-01
   1127      1.000000e+00      1.000000e+00     -1.726594e-16      5.333000e-01
   1128      1.000000e+00      1.000000e+00     -2.095709e-17      5.333000e-01
   1129      1.000000e+00      1.000000e+00      9.353265e-17      5.333000e-01
   1130      1.000000e+00      1.000000e+00      1.493698e-16      5.333000e-01
   1131      1.000000e+00      1.000000e+00      6.649059e-17      5.333000e-01
   1132      1.000000e+00      1.000000e+00     -5.318675e-17      5.333000e-01
   1133      1.000000e+00      1.000000e+00     -5.917266e-17      5.333000e-01
   1134      1.000000e+00      1.000000e+00     -1.517767e-16      5.333000e-01
   1135      1.000000e+00      1.000000e+00     -3.146316e-16      5.333000e-01
   1136      1.000000e+00      1.000000e+00     -1.093731e-16      5.333000e-01
   1137      1.000000e+00      1.000000e+00      1.192845e-16      5.333000e-01
   1138      1.000000e+00      1.000000e+00     -7.658019e-17      5.333000e-01
   1139      1.000000e+00      1.000000e+00     -3.065716e-16      5.333000e-01
   1140      1.000000e+00      1.000000e+00     -3.049495e-16      5.333000e-01
   1141      1.000000e+00      1.000000e+00     -2.434019e-16      5.333000e-01
   1142      1.000000e+00      1.000000e+00     -1.341720e-16      5.333000e-01
   1143      1.000000e+00      1.000000e+00      1.849198e-17      5.333000e-01
   1144      1.000000e+00      1.000000e+00      2.630602e-16      5.333000e-01
   1145      1.000000e+00      1.000000e+00      4.239607e-16      5.333000e-01
   1146      1.000000e+00      1.000000e+00      2.953264e-16      5.333000e-01
   1147      1.000000e+00      1.000000e+00     -4.932296e-17      5.333000e-01
   1148      1.000000e+00      1.000000e+00     -1.498019e-16      5.333000e-01
   1149      1.000000e+00      1.000000e+00      4.239986e-17      5.333000e-01
   1150      1.127069e+00      9.660569e-01      3.756300e-02      5.220876e-01
   1151      1.561382e+00      8.106905e-01      1.376590e-01      4.862681e-01
   1152      1.819436e+00      7.381569e-01      1.706165e-01      4.731603e-01
   1153      2.798839e+00      5.930187e-01      2.727804e-01      4.512572e-01
   1154      3.622160e+00      5.169524e-01      3.162695e-01      4.398619e-01
   1155      4.496116e+00      4.417643e-01      3.486745e-01      4.341381e-01
   1156      4.451756e+00      4.748159e-01      3.487372e-01      4.378328e-01
   1157      4.541459e+00      4.566718e-01      3.501822e-01      4.374275e-01
   1158      4.697195e+00      4.727711e-01      3.517516e-01      4.402320e-01
   1159      4.323599e+00      5.375019e-01      3.482068e-01      4.471832e-01
   1160      2.450943e+00      6.904689e-01      2.727231e-01      4.703840e-01
   1161      1.000000e+00      1.000000e+00     -6.593506e-17      5.333000e-01
   1162      1.000000e+00      1.000000e+00     -2.955238e-16      5.333000e-01
   1163      1.000000e+00      1.000000e+00     -3.450176e-16      5.333000e-01
   1164      1.000000e+00      1.000000e+00     -2.300639e-16      5.333000e-01
   1165      1.000000e+00      1.000000e+00      1.506976e-17      5.333000e-01
   1166      1.000000e+00      1.000000e+00     -2.375150e-17      5.333000e-01
   1167      1.000000e+00      1.000000e+00     -2.754783e-16      5.333000e-01
   1168      1.000000e+00      1.000000e+00     -2.802328e-16      5.333000e-01
   1169      1.000000e+00      1.000000e+00     -2.679680e-16      5.333000e-01
   1170      1.000000e+00      1.000000e+00     -1.241038e-16      5.333000e-01
   1171      1.000000e+00      1.000000e+00     -1.287026e-16      5.333000e-01
   1172      1.000000e+00      1.000000e+00     -1.365571e-16      5.333000e-01
   1173      1.000000e+00      1.000000e+00     -1.471588e-16      5.333000e-01
   1174      1.000000e+00      1.000000e+00     -1.911958e-16      5.333000e-01
   1175      1.000000e+00      1.000000e+00     -3.407626e-16      5.333000e-01
   1176      1.000000e+00      1.000000e+00     -5.435311e-17      5.333000e-01
   1177      1.000000e+00      1.000000e+00     -1.128671e-17      5.333000e-01
   1178      1.000000e+00      1.000000e+00     -2.464365e-16      5.333000e-01
   1179      1.000000e+00      1.000000e+00     -3.471158e-16      5.333000e-01
   1180      1.000000e+00      1.000000e+00     -1.034138e-16      5.333000e-01
   1181      1.000000e+00      1.000000e+00     -1.307128e-16      5.333000e-01
   1182      1.000000e+00      1.000000e+00     -9.824542e-17      5.333000e-01
   1183      1.000000e+00      1.000000e+00      4.427847e-17      5.333000e-01
   1184      1.000000e+00      1.000000e+00      2.558945e-16      5.333000e-01
   1185      1.000000e+00      1.000000e+00      3.415156e-16      5.333000e-01
   1186      1.000000e+00      1.000000e+00      1.030546e-16      5.333000e-01
   1187      1.000000e+00      1.000000e+00     -1.684253e-16      5.333000e-01
   1188      1.132024e+00      9.570557e-01      3.879751e-02      5.187822e-01
   1189      1.706923e+00      7.958288e-01      1.649722e-01      4.832736e-01
   1190      3.144865e+00      5.776506e-01      2.988493e-01      4.501570e-01
   1191      2.616510e+00      6.593538e-01      2.669673e-01      4.652145e-01
   1192      4.300398e+00      5.150051e-01      3.402986e-01      4.430728e-01
   1193      2.076716e+00      7.294997e-01      2.236145e-01      4.761734e-01
   1194      1.000000e+00      1.000000e+00      1.895623e-16      5.333000e-01
   1195      1.000000e+00      1.000000e+00     -8.336291e-17      5.333000e-01
   1196      1.000000e+00      1.000000e+00     -2.313279e-16      5.333000e-01
   1197      1.000000e+00      1.000000e+00     -2.607260e-16      5.333000e-01
   1198      1.000000e+00      1.000000e+00     -1.255934e-16      5.333000e-01
   1199      1.000000e+00      1.000000e+00      3.863350e-17      5.333000e-01
   1200      1.000000e+00      1.000000e+00     -1.708370e-16      5.333000e-01
   1201      1.000000e+00      1.000000e+00     -3.353527e-16      5.333000e-01
   1202      1.000000e+00      1.000000e+00     -3.485534e-16      5.333000e-01
   1203      1.000000e+00      1.000000e+00     -3.158801e-16      5.333000e-01
   1204      1.000000e+00      1.000000e+00     -2.049230e-16      5.333000e-01
   1205      1.000000e+00      1.000000e+00     -2.695404e-16      5.333000e-01
   1206      1.000000e+00      1.000000e+00     -2.365757e-16      5.333000e-01
   1207      1.000000e+00      1.000000e+00     -2.226046e-16      5.333000e-01
   1208      1.000000e+00      1.000000e+00     -2.515427e-16      5.333000e-01
   1209      1.000000e+00      1.000000e+00     -1.733448e-16      5.333000e-01
   1210      1.000000e+00      1.000000e+00     -1.085860e-16      5.333000e-01
   1211      1.000000e+00      1.000000e+00     -1.022910e-16      5.333000e-01
   1212      1.000000e+00      1.000000e+00     -7.039113e-17      5.333000e-01
   1213      1.000000e+00      1.000000e+00      3.299083e-17      5.333000e-01
   1214      1.000000e+00      1.000000e+00      2.159554e-16      5.333000e-01
   1215      1.000000e+00      1.000000e+00      2.119004e-16      5.333000e-01
   1216      1.000000e+00      1.000000e+00      7.879374e-17      5.333000e-01
   1217      1.263224e+00      9.379777e-01      7.662844e-02      5.173101e-01
   1218      1.052076e+00      9.935331e-01      1.245601e-02      5.309066e-01
   1219      1.000000e+00      1.000000e+00      2.125762e-16      5.333000e-01
   1220      1.000000e+00      1.000000e+00      1.880590e-16      5.333000e-01
   1221      1.000000e+00      1.000000e+00      3.873027e-17      5.333000e-01
   1222      1.000000e+00      1.000000e+00     -1.104278e-16      5.333000e-01
   1223      1.000000e+00      1.000000e+00     -1.090177e-16      5.333000e-01
   1224      1.000000e+00      1.000000e+00     -9.408414e-17      5.333000e-01
   1225      1.000000e+00      1.000000e+00     -6.693265e-17      5.333000e-01
   1226      1.000000e+00      1.000000e+00     -2.423496e-16      5.333000e-01
   1227      1.000000e+00      1.000000e+00     -3.280289e-16      5.333000e-01
   1228      1.000000e+00      1.000000e+00     -3.418489e-16      5.333000e-01
   1229      1.000000e+00      1.000000e+00     -2.629394e-16      5.333000e-01
