 Nodal density, velocity and total energy solutions [  299]:

   Node        density        u-velocity        v-velocity         total energy
      1      1.000000e+00      1.000000e+00      0.000000e+00      5.333000e-01
      2      5.650990e+00      2.886887e-02      2.611374e-02      3.969782e-01
      3      1.000000e+00      1.000000e+00     -1.247698e-17      5.333000e-01
      4      1.000000e+00      1.000000e+00      8.861414e-19      5.333000e-01
      5      1.000000e+00      1.000000e+00      1.523579e-17      5.333000e-01
      6      1.000000e+00      1.000000e+00      6.684240e-17      5.333000e-01
      7      1.000000e+00      1.000000e+00      4.543063e-17      5.333000e-01
      8      1.000000e+00      1.000000e+00     -2.271906e-18      5.333000e-01
      9      1.000000e+00      1.000000e+00      8.230527e-18      5.333000e-01
     10      1.000000e+00      1.000000e+00     -1.275454e-17      5.333000e-01
     11      1.000000e+00      1.000000e+00     -5.327482e-17      5.333000e-01
     12      2.100677e+00      5.170948e-01      6.306296e-02      4.331158e-01
     13      5.191542e+00      1.965635e-01      8.022815e-02      3.944915e-01
     14      5.515176e+00      1.392658e-01      5.032318e-02      3.945298e-01
     15      5.600370e+00      8.778431e-02      2.964641e-02      3.951812e-01
     16      5.103028e+00      4.131244e-02      1.235294e-01      4.282415e-01
     17      5.616152e+00      2.543283e-02      6.390640e-02      4.009695e-01
     18      2.442842e+00      2.832244e-01      2.011868e-01      4.773165e-01
     19      1.593589e+00      6.310012e-01      2.136473e-01      4.572290e-01
     20      1.664726e+00      6.279396e-01      2.039951e-01      4.547378e-01
     21      1.786704e+00      6.441002e-01      2.008483e-01      4.567317e-01
     22      1.876414e+00      6.615936e-01      2.035775e-01      4.591963e-01
     23      1.896060e+00      6.734359e-01      2.087533e-01      4.614030e-01
     24      1.898498e+00      6.768814e-01      2.103364e-01      4.621325e-01
     25      1.898498e+00      6.768814e-01      2.103364e-01      4.621325e-01
     26      1.000000e+00      1.000000e+00     -6.461780e-17      5.333000e-01
     27      2.022321e+00      6.856137e-01      2.268988e-01      4.654121e-01
     28      2.573271e+00      7.279310e-01      2.736028e-01      4.760573e-01
     29      1.829176e+00      8.516320e-01      1.861652e-01      5.005101e-01
     30      1.018156e+00      9.976010e-01      4.976511e-03      5.326132e-01
     31      1.000000e+00      1.000000e+00      9.946932e-17      5.333000e-01
     32      1.000000e+00      1.000000e+00      1.283299e-16      5.333000e-01
     33      1.000000e+00      1.000000e+00      1.555861e-16      5.333000e-01
     34      1.000000e+00      1.000000e+00      2.125871e-16      5.333000e-01
     35      1.000000e+00      1.000000e+00      1.406418e-16      5.333000e-01
     36      1.000000e+00      1.000000e+00     -1.338900e-17      5.333000e-01
     37      1.000000e+00      1.000000e+00     -7.150602e-17      5.333000e-01
     38      1.000000e+00      1.000000e+00     -7.608429e-18      5.333000e-01
     39      1.000000e+00      1.000000e+00     -2.714380e-17      5.333000e-01
     40      1.000000e+00      1.000000e+00     -4.175453e-17      5.333000e-01
     41      1.000000e+00      1.000000e+00     -1.189008e-16      5.333000e-01
     42      1.000000e+00      1.000000e+00      0.000000e+00      5.333000e-01
     43      1.000000e+00      1.000000e+00     -1.104834e-16      5.333000e-01
     44      1.000000e+00      1.000000e+00      2.155430e-18      5.333000e-01
     45      1.000000e+00      1.000000e+00      7.520427e-19      5.333000e-01
     46      1.000000e+00      1.000000e+00      0.000000e+00      5.333000e-01
     47      1.000000e+00      1.000000e+00      0.000000e+00      5.333000e-01
     48      1.000000e+00      1.000000e+00      0.000000e+00      5.333000e-01
     49      1.000000e+00      1.000000e+00      0.000000e+00      5.333000e-01
     50      1.000000e+00      1.000000e+00      0.000000e+00      5.333000e-01
     51      1.000000e+00      1.000000e+00      0.000000e+00      5.333000e-01
     52      1.000000e+00      1.000000e+00      3.325643e-17      5.333000e-01
     53      1.000000e+00      1.000000e+00      4.779279e-17      5.333000e-01
     54      1.000000e+00      1.000000e+00     -1.487431e-17      5.333000e-01
     55      1.000000e+00      1.000000e+00     -3.850902e-18      5.333000e-01
     56      1.000000e+00      1.000000e+00      9.005986e-18      5.333000e-01
     57      1.000000e+00      1.000000e+00     -2.897222e-18      5.333000e-01
     58      1.000000e+00      1.000000e+00      9.788667e-18      5.333000e-01
     59      1.000000e+00      1.000000e+00      7.240961e-18      5.333000e-01
     60      1.000000e+00      1.000000e+00     -2.524775e-17      5.333000e-01
     61      1.000000e+00      1.000000e+00     -4.731635e-17      5.333000e-01
     62      3.706929e+00      2.772538e-01      7.518739e-02      4.099541e-01
     63      5.447415e+00      1.710720e-01      9.329785e-02      4.011526e-01
     64      5.481123e+00      1.575374e-01      9.067176e-02      3.991819e-01
     65      5.548827e+00      1.226236e-01      7.845288e-02      3.981907e-01
     66      1.000000e+00      1.000000e+00     -1.814664e-17      5.333000e-01
     67      1.000000e+00      1.000000e+00      2.240566e-17      5.333000e-01
     68      1.000000e+00      1.000000e+00      2.146182e-17      5.333000e-01
     69      1.000000e+00      1.000000e+00     -3.792976e-18      5.333000e-01
     70      1.000000e+00      1.000000e+00     -8.092455e-18      5.333000e-01
     71      1.000000e+00      1.000000e+00      1.478250e-17      5.333000e-01
     72      1.000000e+00      1.000000e+00      1.463260e-17      5.333000e-01
     73      1.000000e+00      1.000000e+00     -1.987141e-17      5.333000e-01
     74      1.000000e+00      1.000000e+00      4.286518e-18      5.333000e-01
     75      1.000000e+00      1.000000e+00      1.120049e-17      5.333000e-01
     76      1.000000e+00      1.000000e+00      7.887657e-18      5.333000e-01
     77      1.000000e+00      1.000000e+00      9.900053e-20      5.333000e-01
     78      1.000000e+00      1.000000e+00     -4.398368e-18      5.333000e-01
     79      1.000000e+00      1.000000e+00      7.220588e-19      5.333000e-01
     80      2.361903e+00      4.991559e-01      1.061809e-01      4.296842e-01
     81      1.000000e+00      1.000000e+00      9.707904e-18      5.333000e-01
     82      1.000000e+00      1.000000e+00     -1.030209e-17      5.333000e-01
     83      1.978790e+00      5.426263e-01      5.807913e-02      4.462909e-01
     84      1.000000e+00      1.000000e+00     -4.102040e-17      5.333000e-01
     85      4.883339e+00      2.242286e-01      1.118449e-01      4.023922e-01
     86      5.377392e+00      1.882571e-01      1.446303e-01      4.039968e-01
     87      5.377834e+00      1.606012e-01      1.462259e-01      4.052667e-01
     88      5.403497e+00      1.229167e-01      1.445601e-01      4.057234e-01
     89      5.411188e+00      6.972403e-02      1.240495e-01      4.069923e-01
     90      4.908188e+00      2.535814e-01      1.638576e-01      4.020155e-01
     91      4.646759e+00      2.918032e-01      2.364771e-01      4.121480e-01
     92      4.859718e+00      2.447134e-01      2.341603e-01      4.105589e-01
     93      4.670783e+00      2.206599e-01      2.335821e-01      4.143543e-01
     94      1.000000e+00      1.000000e+00     -3.326214e-17      5.333000e-01
     95      1.000000e+00      1.000000e+00     -2.097732e-17      5.333000e-01
     96      1.000000e+00      1.000000e+00     -2.372309e-17      5.333000e-01
     97      1.000000e+00      1.000000e+00     -3.400038e-17      5.333000e-01
     98      1.000000e+00      1.000000e+00     -4.480595e-18      5.333000e-01
     99      1.000000e+00      1.000000e+00      1.055153e-17      5.333000e-01
    100      1.000000e+00      1.000000e+00      3.848814e-17      5.333000e-01
    101      2.232970e+00      5.343119e-01      1.186913e-01      4.341606e-01
    102      3.028789e+00      4.334581e-01      1.781542e-01      4.237901e-01
    103      2.401774e+00      5.798479e-01      2.424890e-01      4.506174e-01
    104      4.373363e+00      3.828475e-01      3.108237e-01      4.230401e-01
    105      4.340499e+00      3.143810e-01      2.921150e-01      4.153073e-01
    106      3.833093e+00      3.473476e-01      2.899985e-01      4.207574e-01
    107      4.321590e+00      2.089801e-01      2.375367e-01      4.204121e-01
    108      3.590438e+00      1.939337e-01      2.048823e-01      4.384387e-01
    109      1.281881e+00      8.568186e-01      5.277123e-02      4.914514e-01
    110      1.154151e+00      9.341047e-01      4.437495e-02      5.124375e-01
    111      1.031219e+00      9.934398e-01      9.848106e-03      5.311101e-01
    112      2.081311e+00      6.623484e-01      2.081273e-01      4.636191e-01
    113      3.353841e+00      5.261984e-01      2.907613e-01      4.418309e-01
    114      4.356980e+00      4.041010e-01      3.190803e-01      4.293978e-01
    115      3.431824e+00      4.908138e-01      3.040215e-01      4.401418e-01
    116      2.468949e+00      5.672930e-01      2.597819e-01      4.472375e-01
    117      1.883711e+00      5.750734e-01      2.461580e-01      4.501633e-01
    118      2.860240e+00      4.362804e-01      2.833658e-01      4.325463e-01
    119      1.000000e+00      1.000000e+00     -8.003330e-17      5.333000e-01
    120      1.000000e+00      1.000000e+00     -3.359096e-17      5.333000e-01
    121      1.000000e+00      1.000000e+00     -5.120550e-17      5.333000e-01
    122      1.000000e+00      1.000000e+00     -1.584796e-17      5.333000e-01
    123      1.000000e+00      1.000000e+00     -8.680855e-18      5.333000e-01
    124      1.000000e+00      1.000000e+00     -3.728560e-17      5.333000e-01
    125      1.000000e+00      1.000000e+00     -6.738701e-17      5.333000e-01
    126      1.000000e+00      1.000000e+00     -6.199161e-17      5.333000e-01
    127      1.000000e+00      1.000000e+00     -7.399320e-17      5.333000e-01
    128      1.233059e+00      9.103064e-01      6.465444e-02      5.065347e-01
    129      1.611292e+00      7.971796e-01      1.448804e-01      4.812436e-01
    130      3.347873e+00      5.668661e-01      3.041392e-01      4.489362e-01
    131      3.434578e+00      6.115012e-01      3.194223e-01      4.567272e-01
    132      2.938641e+00      6.113750e-01      2.970911e-01      4.581738e-01
    133      2.511059e+00      6.198900e-01      2.672159e-01      4.571419e-01
    134      1.000000e+00      1.000000e+00     -1.253878e-17      5.333000e-01
    135      1.325418e+00      8.954589e-01      9.893024e-02      5.058646e-01
    136      1.949217e+00      7.672157e-01      2.121862e-01      4.810745e-01
    137      2.098713e+00      7.665512e-01      2.315835e-01      4.822495e-01
    138      3.201137e+00      6.694357e-01      3.091714e-01      4.655453e-01
    139      3.038845e+00      6.626296e-01      3.034282e-01      4.654077e-01
    140      1.000000e+00      1.000000e+00     -1.025042e-17      5.333000e-01
    141      1.000000e+00      1.000000e+00      3.263731e-17      5.333000e-01
    142      1.000000e+00      1.000000e+00      1.141233e-16      5.333000e-01
    143      1.000000e+00      1.000000e+00      1.345199e-16      5.333000e-01
    144      2.050636e+00      7.872198e-01      2.259923e-01      4.876659e-01
    145      1.000000e+00      1.000000e+00      2.665109e-17      5.333000e-01
    146      1.000000e+00      1.000000e+00      1.034494e-16      5.333000e-01
    147      1.000000e+00      1.000000e+00      2.420268e-16      5.333000e-01
    148      1.000000e+00      1.000000e+00      2.286766e-16      5.333000e-01
    149      1.000000e+00      1.000000e+00      1.299493e-16      5.333000e-01
    150      1.361266e+00      9.173013e-01      1.051339e-01      5.135736e-01
    151      1.000000e+00      1.000000e+00      1.096651e-16      5.333000e-01
    152      1.000000e+00      1.000000e+00      2.914235e-16      5.333000e-01
    153      1.000000e+00      1.000000e+00      2.579989e-16      5.333000e-01
    154      1.000000e+00      1.000000e+00      1.490364e-16      5.333000e-01
    155      1.000000e+00      1.000000e+00      1.035302e-16      5.333000e-01
    156      1.000000e+00      1.000000e+00      1.372715e-16      5.333000e-01
    157      1.000000e+00      1.000000e+00      2.499865e-16      5.333000e-01
    158      1.000000e+00      1.000000e+00      1.857796e-16      5.333000e-01
    159      1.000000e+00      1.000000e+00      1.381709e-16      5.333000e-01
    160      1.000000e+00      1.000000e+00      1.763239e-16      5.333000e-01
    161      1.000000e+00      1.000000e+00      1.803408e-16      5.333000e-01
    162      1.000000e+00      1.000000e+00      5.600635e-17      5.333000e-01
    163      1.000000e+00      1.000000e+00     -3.754546e-17      5.333000e-01
    164      1.000000e+00      1.000000e+00     -7.130626e-17      5.333000e-01
    165      1.000000e+00      1.000000e+00      4.693832e-17      5.333000e-01
    166      1.000000e+00      1.000000e+00      9.885865e-17      5.333000e-01
    167      1.000000e+00      1.000000e+00      5.211408e-17      5.333000e-01
    168      1.000000e+00      1.000000e+00     -7.715958e-17      5.333000e-01
    169      1.000000e+00      1.000000e+00      3.950954e-17      5.333000e-01
    170      1.000000e+00      1.000000e+00      4.548801e-17      5.333000e-01
    171      1.000000e+00      1.000000e+00      6.120641e-17      5.333000e-01
    172      1.000000e+00      1.000000e+00      1.062204e-16      5.333000e-01
    173      1.000000e+00      1.000000e+00      1.663256e-16      5.333000e-01
    174      1.000000e+00      1.000000e+00      9.303565e-17      5.333000e-01
    175      1.000000e+00      1.000000e+00     -4.183630e-18      5.333000e-01
    176      1.000000e+00      1.000000e+00     -4.061638e-17      5.333000e-01
    177      1.000000e+00      1.000000e+00     -2.995373e-17      5.333000e-01
    178      1.000000e+00      1.000000e+00      9.686398e-17      5.333000e-01
    179      1.000000e+00      1.000000e+00      1.067187e-16      5.333000e-01
    180      1.000000e+00      1.000000e+00      1.278005e-16      5.333000e-01
    181      1.000000e+00      1.000000e+00      9.426846e-17      5.333000e-01
    182      1.000000e+00      1.000000e+00      2.489206e-17      5.333000e-01
    183      1.000000e+00      1.000000e+00     -3.713453e-17      5.333000e-01
    184      1.000000e+00      1.000000e+00     -2.519524e-17      5.333000e-01
    185      1.000000e+00      1.000000e+00     -3.467591e-17      5.333000e-01
    186      1.000000e+00      1.000000e+00     -1.837915e-17      5.333000e-01
    187      1.000000e+00      1.000000e+00     -3.058273e-17      5.333000e-01
    188      1.000000e+00      1.000000e+00     -1.294766e-17      5.333000e-01
    189      1.000000e+00      1.000000e+00     -2.881312e-17      5.333000e-01
    190      1.000000e+00      1.000000e+00     -1.008903e-17      5.333000e-01
    191      1.000000e+00      1.000000e+00      3.488568e-17      5.333000e-01
    192      1.000000e+00      1.000000e+00      6.903292e-17      5.333000e-01
    193      1.000000e+00      1.000000e+00      9.910492e-17      5.333000e-01
    194      1.000000e+00      1.000000e+00      4.975168e-17      5.333000e-01
    195      1.000000e+00      1.000000e+00      1.957498e-17      5.333000e-01
    196      1.000000e+00      1.000000e+00     -2.348722e-17      5.333000e-01
    197      1.000000e+00      1.000000e+00     -4.190138e-17      5.333000e-01
    198      1.000000e+00      1.000000e+00      1.078243e-17      5.333000e-01
    199      1.000000e+00      1.000000e+00     -6.601492e-17      5.333000e-01
    200      1.000000e+00      1.000000e+00      1.294991e-17      5.333000e-01
    201      1.000000e+00      1.000000e+00      1.345277e-16      5.333000e-01
    202      1.000000e+00      1.000000e+00      5.051159e-17      5.333000e-01
    203      1.000000e+00      1.000000e+00      8.388921e-17      5.333000e-01
    204      1.000000e+00      1.000000e+00      7.742258e-17      5.333000e-01
    205      1.000000e+00      1.000000e+00      4.499132e-17      5.333000e-01
    206      1.000000e+00      1.000000e+00      6.606017e-18      5.333000e-01
    207      1.000000e+00      1.000000e+00     -7.717380e-17      5.333000e-01
    208      1.000000e+00      1.000000e+00     -4.199889e-17      5.333000e-01
    209      1.000000e+00      1.000000e+00     -3.181892e-17      5.333000e-01
    210      1.000000e+00      1.000000e+00     -4.127828e-17      5.333000e-01
    211      1.000000e+00      1.000000e+00     -3.687291e-17      5.333000e-01
    212      1.000000e+00      1.000000e+00     -7.326420e-18      5.333000e-01
    213      1.000000e+00      1.000000e+00     -2.553322e-17      5.333000e-01
    214      1.000000e+00      1.000000e+00     -1.006600e-17      5.333000e-01
    215      1.000000e+00      1.000000e+00     -1.937543e-17      5.333000e-01
    216      1.000000e+00      1.000000e+00      9.382051e-18      5.333000e-01
    217      1.000000e+00      1.000000e+00      8.736618e-17      5.333000e-01
    218      1.000000e+00      1.000000e+00      7.141194e-17      5.333000e-01
    219      1.000000e+00      1.000000e+00      7.390281e-17      5.333000e-01
    220      1.000000e+00      1.000000e+00      7.710192e-17      5.333000e-01
    221      1.000000e+00      1.000000e+00     -1.357738e-17      5.333000e-01
    222      1.000000e+00      1.000000e+00      1.978955e-17      5.333000e-01
    223      1.000000e+00      1.000000e+00      2.735365e-17      5.333000e-01
    224      1.000000e+00      1.000000e+00      1.939423e-18      5.333000e-01
    225      1.000000e+00      1.000000e+00     -3.005215e-17      5.333000e-01
    226      1.000000e+00      1.000000e+00     -3.833477e-17      5.333000e-01
    227      1.000000e+00      1.000000e+00     -6.777984e-19      5.333000e-01
    228      1.000000e+00      1.000000e+00      4.668377e-17      5.333000e-01
    229      1.000000e+00      1.000000e+00      5.228360e-17      5.333000e-01
    230      1.000000e+00      1.000000e+00      6.683717e-17      5.333000e-01
    231      1.000000e+00      1.000000e+00      8.423462e-17      5.333000e-01
    232      1.000000e+00      1.000000e+00      7.750563e-17      5.333000e-01
    233      1.000000e+00      1.000000e+00      3.829533e-17      5.333000e-01
    234      1.000000e+00      1.000000e+00      4.564713e-17      5.333000e-01
    235      1.000000e+00      1.000000e+00      7.656069e-17      5.333000e-01
    236      1.000000e+00      1.000000e+00      5.381516e-17      5.333000e-01
    237      1.000000e+00      1.000000e+00      2.810816e-17      5.333000e-01
    238      1.000000e+00      1.000000e+00      4.243055e-17      5.333000e-01
    239      1.000000e+00      1.000000e+00      5.243099e-17      5.333000e-01
    240      1.000000e+00      1.000000e+00      6.980774e-17      5.333000e-01
    241      1.000000e+00      1.000000e+00      7.639873e-17      5.333000e-01
    242      1.000000e+00      1.000000e+00      2.889633e-17      5.333000e-01
    243      1.000000e+00      1.000000e+00     -1.842584e-17      5.333000e-01
    244      1.000000e+00      1.000000e+00      7.584239e-18      5.333000e-01
    245      1.000000e+00      1.000000e+00      2.085808e-17      5.333000e-01
    246      1.000000e+00      1.000000e+00      1.140038e-18      5.333000e-01
    247      1.000000e+00      1.000000e+00      3.567225e-17      5.333000e-01
    248      1.000000e+00      1.000000e+00      3.862967e-17      5.333000e-01
    249      1.000000e+00      1.000000e+00      2.397529e-17      5.333000e-01
    250      1.000000e+00      1.000000e+00      4.255621e-17      5.333000e-01
    251      1.000000e+00      1.000000e+00      6.012159e-17      5.333000e-01
    252      1.000000e+00      1.000000e+00      3.150659e-17      5.333000e-01
    253      1.000000e+00      1.000000e+00     -1.229922e-16      5.333000e-01
    254      1.000000e+00      1.000000e+00      7.647067e-17      5.333000e-01
    255      1.000000e+00      1.000000e+00      3.509694e-17      5.333000e-01
    256      1.000000e+00      1.000000e+00      1.196181e-17      5.333000e-01
    257      1.000000e+00      1.000000e+00      1.695283e-17      5.333000e-01
    258      1.000000e+00      1.000000e+00     -6.596400e-18      5.333000e-01
    259      1.000000e+00      1.000000e+00     -1.785710e-17      5.333000e-01
    260      1.000000e+00      1.000000e+00      3.480750e-18      5.333000e-01
    261      1.000000e+00      1.000000e+00     -4.650972e-17      5.333000e-01
    262      1.000000e+00      1.000000e+00     -2.045694e-17      5.333000e-01
    263      1.000000e+00      1.000000e+00      3.503089e-17      5.333000e-01
    264      1.000000e+00      1.000000e+00      3.138837e-17      5.333000e-01
    265      1.000000e+00      1.000000e+00     -7.693722e-18      5.333000e-01
    266      1.000000e+00      1.000000e+00     -1.238397e-17      5.333000e-01
    267      1.000000e+00      1.000000e+00     -2.796387e-17      5.333000e-01
    268      1.000000e+00      1.000000e+00      2.703282e-17      5.333000e-01
    269      1.000000e+00      1.000000e+00      8.945758e-18      5.333000e-01
    270      1.000000e+00      1.000000e+00      3.001923e-18      5.333000e-01
    271      1.000000e+00      1.000000e+00      1.111930e-16      5.333000e-01
    272      1.000000e+00      1.000000e+00      1.122720e-16      5.333000e-01
    273      1.000000e+00      1.000000e+00      8.224311e-17      5.333000e-01
    274      5.612446e+00      6.401364e-02      6.180617e-02      3.986993e-01
    275      1.000000e+00      1.000000e+00      2.428226e-17      5.333000e-01
    276      1.000000e+00      1.000000e+00      2.833724e-17      5.333000e-01
    277      1.000000e+00      1.000000e+00     -3.823678e-17      5.333000e-01
    278      1.000000e+00      1.000000e+00      1.456810e-17      5.333000e-01
    279      1.000000e+00      1.000000e+00      1.673441e-17      5.333000e-01
    280      1.000000e+00      1.000000e+00      1.634575e-17      5.333000e-01
    281      1.000000e+00      1.000000e+00      4.233809e-18      5.333000e-01
    282      1.000000e+00      1.000000e+00      5.946619e-18      5.333000e-01
    283      2.635208e+00      6.682052e-01      2.800097e-01      4.654812e-01
    284      2.067642e+00      6.468869e-01      2.270984e-01      4.590105e-01
    285      1.939232e+00      6.125133e-01      2.238151e-01      4.531956e-01
    286      2.041645e+00      6.707006e-01      2.266925e-01      4.630743e-01
    287      1.000000e+00      1.000000e+00      9.035569e-18      5.333000e-01
    288      2.622890e+00      7.372890e-01      2.738550e-01      4.777073e-01
    289      1.776848e+00      8.618094e-01      1.754698e-01      5.018257e-01
    290      1.112161e+00      9.825675e-01      3.111718e-02      5.285715e-01
    291      1.161198e+00      9.772963e-01      4.194284e-02      5.271192e-01
    292      2.682832e+00      7.361368e-01      2.781837e-01      4.777955e-01
    293      1.000000e+00      1.000000e+00      1.453458e-17      5.333000e-01
    294      1.000000e+00      1.000000e+00     -3.658101e-17      5.333000e-01
    295      1.000000e+00      1.000000e+00     -8.700373e-17      5.333000e-01
    296      1.000000e+00      1.000000e+00     -1.114091e-17      5.333000e-01
    297      2.447247e+00      6.928554e-01      2.682977e-01      4.693128e-01
    298      1.000000e+00      1.000000e+00     -1.405297e-16      5.333000e-01
    299      1.000000e+00      1.000000e+00     -1.494703e-16      5.333000e-01
