 Nodal density, velocity and total energy solutions [  438]:

   Node        density        u-velocity        v-velocity         total energy
      1      1.000000e+00      1.000000e+00      0.000000e+00      5.333000e-01
      2      5.575378e+00      1.545561e-04      5.901903e-05      3.890155e-01
      3      1.000000e+00      1.000000e+00      4.406626e-17      5.333000e-01
      4      1.000000e+00      1.000000e+00      6.052194e-17      5.333000e-01
      5      1.000000e+00      1.000000e+00      6.546658e-17      5.333000e-01
      6      1.000000e+00      1.000000e+00      9.713952e-17      5.333000e-01
      7      1.000000e+00      1.000000e+00      7.460523e-17      5.333000e-01
      8      1.000000e+00      1.000000e+00      6.602811e-17      5.333000e-01
      9      1.000000e+00      1.000000e+00      6.244109e-17      5.333000e-01
     10      1.000000e+00      1.000000e+00      9.349793e-17      5.333000e-01
     11      2.312972e+00      5.064666e-01      1.161094e-01      4.292942e-01
     12      4.868111e+00      2.360283e-01      1.527575e-01      3.948244e-01
     13      5.298246e+00      1.841844e-01      9.946153e-02      3.936354e-01
     14      5.390710e+00      1.496323e-01      5.204212e-02      3.900540e-01
     15      5.473149e+00      1.198791e-01      3.078704e-02      3.891674e-01
     16      5.508034e+00      9.933752e-02      2.592620e-02      3.890529e-01
     17      5.540150e+00      7.590972e-02      1.498360e-02      3.887851e-01
     18      5.561244e+00      5.075778e-02      9.433901e-03      3.887170e-01
     19      5.572396e+00      1.874764e-02      4.759010e-03      3.888421e-01
     20      5.589673e+00      4.417345e-03      2.491883e-02      3.892900e-01
     21      5.581760e+00      1.137536e-02      1.434667e-02      3.890511e-01
     22      5.476465e+00      7.752474e-02      1.790940e-01      4.062692e-01
     23      5.595338e+00      6.385695e-02      9.862633e-02      3.953970e-01
     24      4.863616e+00      1.326440e-01      2.330830e-01      4.063553e-01
     25      5.183219e+00      1.012227e-01      2.049708e-01      4.052092e-01
     26      4.172683e+00      2.327134e-01      2.710440e-01      4.118839e-01
     27      4.618206e+00      1.755590e-01      2.420620e-01      4.062403e-01
     28      3.349368e+00      3.483633e-01      2.887157e-01      4.266711e-01
     29      3.970648e+00      2.715007e-01      2.669353e-01      4.125457e-01
     30      3.906986e+00      2.841445e-01      2.738357e-01      4.167017e-01
     31      2.686353e+00      4.377911e-01      2.779928e-01      4.300549e-01
     32      2.854707e+00      4.104574e-01      2.901960e-01      4.265929e-01
     33      2.943215e+00      4.079028e-01      2.834789e-01      4.261922e-01
     34      2.043211e+00      5.469755e-01      2.356192e-01      4.415639e-01
     35      2.367474e+00      4.971341e-01      2.611473e-01      4.366365e-01
     36      1.755214e+00      6.009833e-01      1.853197e-01      4.452300e-01
     37      1.879247e+00      5.766154e-01      2.109565e-01      4.436114e-01
     38      1.450853e+00      6.464439e-01      1.437905e-01      4.509967e-01
     39      1.552708e+00      6.310986e-01      1.582456e-01      4.488649e-01
     40      9.999981e-01      1.000000e+00      2.594336e-07      5.333000e-01
     41      1.583206e+00      6.378129e-01      1.590372e-01      4.513233e-01
     42      2.057698e+00      5.932867e-01      2.127285e-01      4.493896e-01
     43      2.408952e+00      5.759576e-01      2.485330e-01      4.490965e-01
     44      2.788562e+00      5.789817e-01      2.813289e-01      4.508858e-01
     45      3.079209e+00      5.917848e-01      3.030604e-01      4.530778e-01
     46      3.376808e+00      5.939013e-01      3.225487e-01      4.547360e-01
     47      3.717617e+00      6.004267e-01      3.430086e-01      4.579908e-01
     48      3.895760e+00      6.099944e-01      3.540642e-01      4.614070e-01
     49      4.040871e+00      6.114765e-01      3.618646e-01      4.623068e-01
     50      3.785573e+00      6.435774e-01      3.521923e-01      4.670982e-01
     51      1.500770e+00      8.695164e-01      1.425913e-01      5.041139e-01
     52      1.000001e+00      1.000000e+00     -8.641362e-08      5.333000e-01
     53      1.000001e+00      1.000000e+00     -1.040448e-07      5.333000e-01
     54      1.000000e+00      1.000000e+00      0.000000e+00      5.333000e-01
     55      1.000001e+00      1.000000e+00     -1.800409e-07      5.333000e-01
     56      1.000001e+00      1.000000e+00     -1.183147e-07      5.333000e-01
     57      1.000000e+00      1.000000e+00      9.699007e-17      5.333000e-01
     58      1.000000e+00      1.000000e+00      5.162083e-18      5.333000e-01
     59      1.000000e+00      1.000000e+00      2.413233e-17      5.333000e-01
     60      1.000000e+00      1.000000e+00      5.623227e-17      5.333000e-01
     61      1.000000e+00      1.000000e+00      1.268738e-17      5.333000e-01
     62      1.000000e+00      1.000000e+00      0.000000e+00      5.333000e-01
     63      1.000000e+00      1.000000e+00      0.000000e+00      5.333000e-01
     64      1.000000e+00      1.000000e+00      0.000000e+00      5.333000e-01
     65      1.000000e+00      1.000000e+00      0.000000e+00      5.333000e-01
     66      1.000000e+00      1.000000e+00      0.000000e+00      5.333000e-01
     67      1.000000e+00      1.000000e+00      0.000000e+00      5.333000e-01
     68      1.000000e+00      1.000000e+00      0.000000e+00      5.333000e-01
     69      1.000000e+00      1.000000e+00      0.000000e+00      5.333000e-01
     70      1.000000e+00      1.000000e+00      0.000000e+00      5.333000e-01
     71      5.557780e+00      6.566103e-02      2.204471e-02      3.889825e-01
     72      5.561490e+00      1.038842e-01      4.570273e-02      3.903684e-01
     73      5.591683e+00      8.114633e-02      4.906690e-02      3.902038e-01
     74      5.571248e+00      3.990223e-02      1.820521e-02      3.888786e-01
     75      5.496385e+00      1.430501e-01      5.660068e-02      3.914301e-01
     76      5.539837e+00      1.285328e-01      5.178603e-02      3.910758e-01
     77      5.600847e+00      1.507672e-01      8.594924e-02      3.940334e-01
     78      5.628925e+00      1.329645e-01      8.478781e-02      3.934625e-01
     79      5.636276e+00      1.105841e-01      7.720714e-02      3.926360e-01
     80      5.595894e+00      5.243719e-02      3.940674e-02      3.899170e-01
     81      5.581884e+00      1.626006e-01      8.643549e-02      3.947233e-01
     82      5.572650e+00      1.663971e-01      1.097675e-01      3.965987e-01
     83      5.603089e+00      1.537568e-01      1.099066e-01      3.958920e-01
     84      5.636074e+00      1.383334e-01      1.045949e-01      3.948857e-01
     85      5.645436e+00      1.214796e-01      9.709463e-02      3.938593e-01
     86      5.613265e+00      8.568687e-02      7.439413e-02      3.920855e-01
     87      5.604271e+00      1.752987e-01      1.001320e-01      3.962799e-01
     88      5.508733e+00      1.677184e-01      1.094198e-01      3.971491e-01
     89      5.526840e+00      1.758849e-01      1.289959e-01      3.993523e-01
     90      5.560323e+00      1.645789e-01      1.276380e-01      3.983758e-01
     91      5.599949e+00      1.489714e-01      1.233281e-01      3.969174e-01
     92      5.527109e+00      1.714955e-01      9.989207e-02      3.968081e-01
     93      5.497954e+00      1.850766e-01      1.293450e-01      4.001175e-01
     94      5.513166e+00      1.979188e-01      1.547307e-01      4.032307e-01
     95      5.517204e+00      1.858633e-01      1.520827e-01      4.019860e-01
     96      5.537102e+00      1.687577e-01      1.488945e-01      4.006348e-01
     97      5.577280e+00      1.411930e-01      1.389558e-01      3.977359e-01
     98      5.427877e+00      1.691068e-01      1.743650e-01      4.021821e-01
     99      5.613931e+00      1.108815e-01      1.085765e-01      3.940943e-01
    100      5.504082e+00      2.051208e-01      1.545669e-01      4.040109e-01
    101      5.386834e+00      1.963530e-01      1.644342e-01      4.019895e-01
    102      5.395887e+00      1.942931e-01      1.716025e-01      4.028600e-01
    103      5.410080e+00      1.862556e-01      1.760366e-01      4.031871e-01
    104      5.487647e+00      1.920741e-01      1.286280e-01      4.004618e-01
    105      5.490223e+00      2.069156e-01      1.494508e-01      4.038979e-01
    106      5.371880e+00      1.973506e-01      1.565648e-01      4.007396e-01
    107      5.377292e+00      2.061643e-01      1.769259e-01      3.984715e-01
    108      5.371517e+00      2.115449e-01      1.887138e-01      4.004830e-01
    109      5.324087e+00      2.025087e-01      1.919776e-01      4.023692e-01
    110      5.282452e+00      1.954344e-01      1.996411e-01      4.042238e-01
    111      5.387943e+00      2.164812e-01      1.821650e-01      3.982434e-01
    112      5.420716e+00      2.343222e-01      2.035748e-01      4.012686e-01
    113      5.347505e+00      2.430679e-01      2.241534e-01      4.038251e-01
    114      5.299873e+00      2.296655e-01      2.158885e-01      4.027228e-01
    115      5.229787e+00      2.205843e-01      2.150153e-01      4.034625e-01
    116      5.133881e+00      2.202217e-01      2.223893e-01      4.052658e-01
    117      5.377024e+00      1.995122e-01      1.477558e-01      3.991963e-01
    118      4.833967e+00      2.593727e-01      1.840092e-01      4.010525e-01
    119      5.333034e+00      2.639209e-01      2.220619e-01      4.046888e-01
    120      5.361477e+00      2.589641e-01      2.386719e-01      4.076937e-01
    121      5.268686e+00      2.612462e-01      2.480062e-01      4.096059e-01
    122      5.248263e+00      2.541726e-01      2.438812e-01      4.074480e-01
    123      5.199391e+00      2.460315e-01      2.383665e-01      4.057668e-01
    124      5.124457e+00      2.408053e-01      2.357345e-01      4.053841e-01
    125      5.030111e+00      2.410210e-01      2.386342e-01      4.063150e-01
    126      5.014005e+00      2.258407e-01      2.336939e-01      4.071524e-01
    127      5.124215e+00      2.021884e-01      2.172968e-01      4.058122e-01
    128      2.138922e+00      5.411088e-01      1.289019e-01      4.424644e-01
    129      2.559281e+00      4.830515e-01      1.699458e-01      4.353516e-01
    130      3.487408e+00      3.668907e-01      2.056522e-01      4.206094e-01
    131      5.258930e+00      2.615138e-01      2.428186e-01      4.121364e-01
    132      5.190628e+00      2.716449e-01      2.574517e-01      4.150315e-01
    133      5.222940e+00      2.749225e-01      2.657570e-01      4.153055e-01
    134      5.171151e+00      2.732068e-01      2.636786e-01      4.136984e-01
    135      5.115183e+00      2.635943e-01      2.541509e-01      4.096914e-01
    136      5.039747e+00      2.608972e-01      2.507999e-01      4.085153e-01
    137      4.930142e+00      2.630330e-01      2.527481e-01      4.089590e-01
    138      4.898479e+00      2.447282e-01      2.454529e-01      4.081925e-01
    139      4.879873e+00      2.212908e-01      2.378074e-01      4.081199e-01
    140      5.059546e+00      2.804619e-01      2.663387e-01      4.134076e-01
    141      4.953554e+00      2.903874e-01      2.714525e-01      4.145312e-01
    142      4.821876e+00      2.890084e-01      2.673824e-01      4.130182e-01
    143      4.787058e+00      2.696237e-01      2.573057e-01      4.103002e-01
    144      4.733723e+00      2.559540e-01      2.547609e-01      4.103355e-01
    145      5.574414e+00      1.806553e-01      9.709951e-02      3.959055e-01
    146      5.560070e+00      1.760468e-01      8.849379e-02      3.964590e-01
    147      5.462743e+00      1.962344e-01      1.246020e-01      4.007347e-01
    148      4.716586e+00      2.437448e-01      1.377725e-01      4.049371e-01
    149      4.043931e+00      2.856544e-01      1.316893e-01      4.044256e-01
    150      1.252768e+00      8.673314e-01      3.717533e-02      4.923649e-01
    151      1.000000e+00      1.000000e+00     -7.012161e-17      5.333000e-01
    152      1.000000e+00      1.000000e+00     -8.606943e-17      5.333000e-01
    153      1.567319e+00      7.067709e-01      9.260530e-02      4.710015e-01
    154      4.161632e+00      3.380056e-01      2.309532e-01      4.175679e-01
    155      5.087458e+00      3.162011e-01      2.819993e-01      4.191764e-01
    156      5.255533e+00      3.004473e-01      2.882275e-01      4.207043e-01
    157      5.193840e+00      3.024981e-01      2.876164e-01      4.205774e-01
    158      5.114987e+00      2.906119e-01      2.764996e-01      4.171492e-01
    159      5.050306e+00      3.088778e-01      2.886618e-01      4.200113e-01
    160      4.922237e+00      3.245446e-01      2.986722e-01      4.223744e-01
    161      4.819838e+00      3.149868e-01      2.881267e-01      4.191061e-01
    162      4.723105e+00      3.102871e-01      2.803919e-01      4.166676e-01
    163      4.674497e+00      2.955745e-01      2.685276e-01      4.134217e-01
    164      4.624750e+00      2.818126e-01      2.640223e-01      4.122496e-01
    165      5.488554e+00      1.683355e-01      8.278691e-02      3.940389e-01
    166      4.842972e+00      2.340315e-01      1.136266e-01      3.964313e-01
    167      3.541808e+00      3.016330e-01      7.211569e-02      4.102098e-01
    168      3.137793e+00      3.472620e-01      1.157376e-01      4.205179e-01
    169      1.667352e+00      6.392684e-01      8.452221e-02      4.648067e-01
    170      1.887619e+00      5.762972e-01      6.185137e-02      4.490520e-01
    171      1.000000e+00      1.000000e+00      6.459958e-17      5.333000e-01
    172      1.000000e+00      1.000000e+00      1.024741e-17      5.333000e-01
    173      1.000000e+00      1.000000e+00     -3.347393e-17      5.333000e-01
    174      1.000000e+00      1.000000e+00     -1.034810e-16      5.333000e-01
    175      1.000000e+00      1.000000e+00     -8.537861e-17      5.333000e-01
    176      1.000000e+00      1.000000e+00     -2.113565e-17      5.333000e-01
    177      2.682039e+00      5.199852e-01      2.171204e-01      4.391387e-01
    178      4.850609e+00      3.465130e-01      2.899305e-01      4.207971e-01
    179      5.261624e+00      3.192733e-01      3.012817e-01      4.227319e-01
    180      5.155763e+00      3.182512e-01      2.983591e-01      4.225001e-01
    181      5.015245e+00      3.343105e-01      3.073902e-01      4.238190e-01
    182      4.875724e+00      3.442514e-01      3.119586e-01      4.252589e-01
    183      4.772231e+00      3.423908e-01      3.085835e-01      4.250546e-01
    184      4.634559e+00      3.385824e-01      3.010100e-01      4.229131e-01
    185      4.504252e+00      3.295234e-01      2.887642e-01      4.192536e-01
    186      4.387848e+00      3.149272e-01      2.782394e-01      4.163164e-01
    187      1.030001e+00      9.825390e-01      1.527429e-03      5.269195e-01
    188      1.000000e+00      1.000000e+00      7.544426e-17      5.333000e-01
    189      1.000000e+00      1.000000e+00      7.459654e-17      5.333000e-01
    190      1.000000e+00      1.000000e+00      8.631538e-17      5.333000e-01
    191      1.000000e+00      1.000000e+00      6.646742e-17      5.333000e-01
    192      1.000000e+00      1.000000e+00      3.299408e-17      5.333000e-01
    193      1.000000e+00      1.000000e+00     -9.379275e-17      5.333000e-01
    194      1.000000e+00      1.000000e+00     -8.754540e-17      5.333000e-01
    195      1.000000e+00      1.000000e+00     -1.639779e-17      5.333000e-01
    196      1.000000e+00      1.000000e+00      2.903317e-17      5.333000e-01
    197      2.100055e+00      6.118652e-01      1.754230e-01      4.496573e-01
    198      1.000000e+00      1.000000e+00      1.970365e-17      5.333000e-01
    199      1.000000e+00      1.000000e+00     -2.541061e-17      5.333000e-01
    200      1.000000e+00      1.000000e+00      7.280906e-17      5.333000e-01
    201      1.000000e+00      1.000000e+00      6.713337e-17      5.333000e-01
    202      1.000000e+00      1.000000e+00      1.079250e-16      5.333000e-01
    203      1.000000e+00      1.000000e+00      5.788583e-17      5.333000e-01
    204      1.000000e+00      1.000000e+00     -2.318062e-17      5.333000e-01
    205      1.000000e+00      1.000000e+00     -6.571071e-17      5.333000e-01
    206      1.000000e+00      1.000000e+00     -1.028231e-16      5.333000e-01
    207      1.000000e+00      1.000000e+00     -1.386787e-17      5.333000e-01
    208      1.000000e+00      1.000000e+00      6.800672e-17      5.333000e-01
    209      1.000000e+00      1.000000e+00      2.260550e-17      5.333000e-01
    210      1.000000e+00      1.000000e+00     -5.162110e-17      5.333000e-01
    211      1.000000e+00      1.000000e+00      7.673999e-17      5.333000e-01
    212      1.000000e+00      1.000000e+00      7.005886e-17      5.333000e-01
    213      1.000000e+00      1.000000e+00      2.862026e-17      5.333000e-01
    214      1.000000e+00      1.000000e+00      2.738490e-17      5.333000e-01
    215      1.000000e+00      1.000000e+00     -4.518983e-17      5.333000e-01
    216      1.000000e+00      1.000000e+00     -5.800073e-17      5.333000e-01
    217      1.000000e+00      1.000000e+00      7.929451e-17      5.333000e-01
    218      1.000000e+00      1.000000e+00      5.410116e-17      5.333000e-01
    219      1.000000e+00      1.000000e+00     -1.481768e-18      5.333000e-01
    220      1.000000e+00      1.000000e+00      3.006467e-17      5.333000e-01
    221      1.000000e+00      1.000000e+00      6.902739e-17      5.333000e-01
    222      1.000000e+00      1.000000e+00      5.214293e-17      5.333000e-01
    223      1.000000e+00      1.000000e+00      1.143093e-17      5.333000e-01
    224      1.000000e+00      1.000000e+00     -5.577171e-17      5.333000e-01
    225      1.000000e+00      1.000000e+00     -1.627220e-18      5.333000e-01
    226      1.000000e+00      1.000000e+00     -3.756724e-18      5.333000e-01
    227      1.000000e+00      1.000000e+00      1.406211e-17      5.333000e-01
    228      1.000000e+00      1.000000e+00     -3.626401e-17      5.333000e-01
    229      1.000000e+00      1.000000e+00      3.276811e-17      5.333000e-01
    230      4.792669e+00      3.645956e-01      3.195416e-01      4.275539e-01
    231      4.629306e+00      3.666694e-01      3.159484e-01      4.278924e-01
    232      4.453814e+00      3.652920e-01      3.090125e-01      4.264853e-01
    233      4.288372e+00      3.569457e-01      2.984826e-01      4.232177e-01
    234      4.933607e+00      3.617135e-01      3.219906e-01      4.270147e-01
    235      4.888561e+00      3.822600e-01      3.308805e-01      4.293712e-01
    236      4.738438e+00      3.868934e-01      3.265711e-01      4.295866e-01
    237      4.560136e+00      3.883502e-01      3.201066e-01      4.297965e-01
    238      4.383458e+00      3.858394e-01      3.120341e-01      4.288447e-01
    239      4.160608e+00      3.839800e-01      3.026931e-01      4.270321e-01
    240      4.082044e+00      3.529179e-01      2.912018e-01      4.215166e-01
    241      5.157102e+00      3.291538e-01      3.050022e-01      4.223189e-01
    242      5.054725e+00      3.599285e-01      3.252939e-01      4.272108e-01
    243      5.018597e+00      3.838570e-01      3.377850e-01      4.294521e-01
    244      4.915784e+00      4.006178e-01      3.337558e-01      4.289331e-01
    245      4.721625e+00      4.075997e-01      3.283129e-01      4.305393e-01
    246      4.541206e+00      4.076532e-01      3.213559e-01      4.310537e-01
    247      4.292354e+00      4.110081e-01      3.145809e-01      4.315978e-01
    248      3.967314e+00      4.217438e-01      3.048940e-01      4.316686e-01
    249      3.819680e+00      3.958063e-01      2.934565e-01      4.265607e-01
    250      1.000000e+00      1.000000e+00      8.722049e-17      5.333000e-01
    251      1.000000e+00      1.000000e+00      4.349904e-17      5.333000e-01
    252      1.000000e+00      1.000000e+00      1.607512e-17      5.333000e-01
    253      1.000000e+00      1.000000e+00     -2.946592e-17      5.333000e-01
    254      1.000000e+00      1.000000e+00     -4.685935e-17      5.333000e-01
    255      1.000000e+00      1.000000e+00      1.586366e-17      5.333000e-01
    256      1.000000e+00      1.000000e+00     -3.010052e-17      5.333000e-01
    257      1.000000e+00      1.000000e+00     -1.160134e-17      5.333000e-01
    258      1.000000e+00      1.000000e+00      3.314080e-17      5.333000e-01
    259      3.774681e+00      4.332463e-01      2.764523e-01      4.283787e-01
    260      4.557568e+00      4.180831e-01      3.225856e-01      4.279638e-01
    261      4.301363e+00      4.399633e-01      3.117576e-01      4.272260e-01
    262      4.434503e+00      4.692909e-01      3.302785e-01      4.320114e-01
    263      4.843529e+00      4.312454e-01      3.453185e-01      4.319367e-01
    264      4.629449e+00      4.314775e-01      3.376809e-01      4.328351e-01
    265      4.418997e+00      4.291915e-01      3.270969e-01      4.332386e-01
    266      4.071431e+00      4.512875e-01      3.237249e-01      4.362533e-01
    267      3.720044e+00      4.592726e-01      3.071399e-01      4.365793e-01
    268      3.581868e+00      4.418302e-01      2.930979e-01      4.323735e-01
    269      1.000000e+00      1.000000e+00      6.211015e-17      5.333000e-01
    270      1.000000e+00      1.000000e+00      3.950471e-17      5.333000e-01
    271      1.000000e+00      1.000000e+00     -1.772480e-17      5.333000e-01
    272      1.000000e+00      1.000000e+00     -6.444359e-17      5.333000e-01
    273      1.000000e+00      1.000000e+00     -3.275726e-17      5.333000e-01
    274      1.000000e+00      1.000000e+00     -2.552425e-17      5.333000e-01
    275      1.000000e+00      1.000000e+00      2.370747e-17      5.333000e-01
    276      1.000000e+00      1.000000e+00      5.775747e-18      5.333000e-01
    277      3.010825e+00      3.966031e-01      2.930218e-01      4.271634e-01
    278      3.031504e+00      4.070737e-01      2.868602e-01      4.282373e-01
    279      2.784645e+00      4.349533e-01      2.789562e-01      4.304455e-01
    280      4.391361e+00      4.601581e-01      3.457430e-01      4.370967e-01
    281      4.124156e+00      4.933945e-01      3.433802e-01      4.415078e-01
    282      3.726296e+00      4.900977e-01      3.219842e-01      4.407664e-01
    283      3.388880e+00      4.850380e-01      2.985754e-01      4.389993e-01
    284      3.096871e+00      4.949395e-01      2.822710e-01      4.391412e-01
    285      3.232775e+00      4.670294e-01      2.824985e-01      4.348487e-01
    286      3.418982e+00      4.250130e-01      2.851386e-01      4.291958e-01
    287      4.553678e+00      5.000257e-01      3.653804e-01      4.444846e-01
    288      4.357051e+00      5.292993e-01      3.616510e-01      4.478605e-01
    289      3.916223e+00      5.237424e-01      3.392955e-01      4.451367e-01
    290      3.487750e+00      5.230587e-01      3.162424e-01      4.444150e-01
    291      3.141581e+00      5.141289e-01      2.932731e-01      4.426251e-01
    292      4.744916e+00      4.673993e-01      3.646896e-01      4.397103e-01
    293      4.480806e+00      5.316054e-01      3.633968e-01      4.464763e-01
    294      4.340005e+00      5.619688e-01      3.645794e-01      4.522204e-01
    295      4.594838e+00      5.619310e-01      3.796953e-01      4.559858e-01
    296      4.165546e+00      5.546484e-01      3.579152e-01      4.515477e-01
    297      3.748805e+00      5.513606e-01      3.360506e-01      4.489129e-01
    298      3.481153e+00      5.509838e-01      3.210988e-01      4.480515e-01
    299      3.244614e+00      5.401505e-01      3.052956e-01      4.463865e-01
    300      2.936552e+00      5.365902e-01      2.843649e-01      4.451499e-01
    301      2.868916e+00      5.172694e-01      2.730213e-01      4.416813e-01
    302      1.000000e+00      1.000000e+00      5.401016e-17      5.333000e-01
    303      1.000000e+00      1.000000e+00      3.949037e-18      5.333000e-01
    304      1.000000e+00      1.000000e+00     -3.996415e-17      5.333000e-01
    305      1.000000e+00      1.000000e+00     -2.529404e-17      5.333000e-01
    306      1.000000e+00      1.000000e+00      2.226490e-18      5.333000e-01
    307      1.000000e+00      1.000000e+00      4.151438e-17      5.333000e-01
    308      2.141240e+00      6.520983e-01      2.007640e-01      4.540876e-01
    309      1.835476e+00      7.273282e-01      1.780779e-01      4.705423e-01
    310      2.819786e+00      6.054490e-01      2.893905e-01      4.547383e-01
    311      4.874153e+00      4.679802e-01      3.675417e-01      4.377967e-01
    312      3.837556e+00      5.403910e-01      3.355225e-01      4.464641e-01
    313      2.067986e+00      7.250702e-01      2.261070e-01      4.736071e-01
    314      2.754550e+00      6.524574e-01      2.952714e-01      4.639866e-01
    315      1.773390e+00      7.855223e-01      1.974347e-01      4.895595e-01
    316      2.908396e+00      6.593398e-01      3.104623e-01      4.690604e-01
    317      3.808182e+00      6.223928e-01      3.485355e-01      4.619352e-01
    318      4.408655e+00      5.813662e-01      3.756323e-01      4.595918e-01
    319      3.989498e+00      5.800972e-01      3.541228e-01      4.557191e-01
    320      3.637764e+00      5.727279e-01      3.343048e-01      4.522603e-01
    321      3.368059e+00      5.625889e-01      3.168385e-01      4.495407e-01
    322      3.035313e+00      5.610702e-01      2.955816e-01      4.488355e-01
    323      2.745002e+00      5.606309e-01      2.751483e-01      4.483490e-01
    324      3.300341e+00      3.490134e-01      2.892954e-01      4.236444e-01
    325      3.558525e+00      3.289851e-01      2.827776e-01      4.204944e-01
    326      3.195241e+00      3.879003e-01      2.903975e-01      4.274472e-01
    327      3.175034e+00      3.925374e-01      2.879752e-01      4.258199e-01
    328      3.055323e+00      4.134150e-01      2.848203e-01      4.277124e-01
    329      2.726478e+00      4.650109e-01      2.708822e-01      4.333247e-01
    330      4.041290e+00      6.260130e-01      3.553494e-01      4.615342e-01
    331      4.255888e+00      6.029889e-01      3.703369e-01      4.619879e-01
    332      3.859383e+00      5.985912e-01      3.502927e-01      4.586896e-01
    333      3.538655e+00      5.851072e-01      3.307944e-01      4.540032e-01
    334      3.414032e+00      6.644234e-01      3.308379e-01      4.678768e-01
    335      2.082559e+00      7.774298e-01      2.289256e-01      4.835047e-01
    336      1.000000e+00      1.000000e+00      2.783220e-17      5.333000e-01
    337      1.000000e+00      1.000000e+00      2.841860e-18      5.333000e-01
    338      1.000000e+00      1.000000e+00     -4.042943e-17      5.333000e-01
    339      1.000000e+00      1.000000e+00     -6.388748e-17      5.333000e-01
    340      1.000000e+00      1.000000e+00      6.393367e-17      5.333000e-01
    341      1.394434e+00      8.569593e-01      1.074485e-01      4.956060e-01
    342      1.000000e+00      1.000000e+00      8.240618e-17      5.333000e-01
    343      1.000000e+00      1.000000e+00      1.268100e-16      5.333000e-01
    344      1.000000e+00      1.000000e+00      6.568089e-17      5.333000e-01
    345      1.000000e+00      1.000000e+00      3.477009e-17      5.333000e-01
    346      1.487408e+00      8.569139e-01      1.343384e-01      4.978348e-01
    347      2.277222e+00      7.488032e-01      2.467916e-01      4.771765e-01
    348      1.000000e+00      1.000000e+00      2.900284e-18      5.333000e-01
    349      3.540579e+00      3.453721e-01      2.827940e-01      4.213945e-01
    350      3.376622e+00      3.774962e-01      2.875809e-01      4.237058e-01
    351      3.217219e+00      4.164781e-01      2.829939e-01      4.276978e-01
    352      3.023960e+00      4.600957e-01      2.750549e-01      4.330758e-01
    353      2.582974e+00      5.060563e-01      2.562955e-01      4.381200e-01
    354      2.218351e+00      5.288483e-01      2.420056e-01      4.397211e-01
    355      4.024497e+00      2.821402e-01      2.673472e-01      4.145789e-01
    356      3.886569e+00      3.201835e-01      2.789184e-01      4.183335e-01
    357      1.000000e+00      1.000000e+00      1.411966e-17      5.333000e-01
    358      1.000000e+00      1.000000e+00      2.044670e-17      5.333000e-01
    359      1.000000e+00      1.000000e+00     -2.696217e-17      5.333000e-01
    360      1.000000e+00      1.000000e+00      5.087400e-17      5.333000e-01
    361      1.000000e+00      1.000000e+00     -3.339667e-17      5.333000e-01
    362      1.000000e+00      1.000000e+00     -5.860375e-17      5.333000e-01
    363      1.000000e+00      1.000000e+00     -4.472945e-17      5.333000e-01
    364      1.000000e+00      1.000000e+00     -6.454988e-17      5.333000e-01
    365      4.817290e+00      1.564428e-01      2.244066e-01      4.033323e-01
    366      4.612124e+00      1.976989e-01      2.460773e-01      4.077788e-01
    367      4.251256e+00      2.480119e-01      2.664591e-01      4.126475e-01
    368      3.955369e+00      2.712054e-01      2.728111e-01      4.134740e-01
    369      4.303297e+00      2.724024e-01      2.643149e-01      4.130890e-01
    370      4.133702e+00      3.173238e-01      2.793268e-01      4.174792e-01
    371      3.693425e+00      3.704593e-01      2.880575e-01      4.234285e-01
    372      4.871877e+00      1.896264e-01      2.276623e-01      4.053467e-01
    373      4.610621e+00      2.272992e-01      2.483218e-01      4.091278e-01
    374      4.625442e+00      2.484792e-01      2.538020e-01      4.106746e-01
    375      4.487867e+00      2.797731e-01      2.658208e-01      4.132093e-01
    376      1.000000e+00      1.000000e+00     -9.191524e-17      5.333000e-01
    377      1.000000e+00      1.000000e+00     -8.817064e-17      5.333000e-01
    378      1.000000e+00      1.000000e+00     -3.393021e-17      5.333000e-01
    379      1.000000e+00      1.000000e+00     -1.572831e-17      5.333000e-01
    380      1.000000e+00      1.000000e+00     -7.321509e-17      5.333000e-01
    381      1.000000e+00      1.000000e+00     -8.477280e-17      5.333000e-01
    382      1.000000e+00      1.000000e+00     -3.899633e-17      5.333000e-01
    383      1.000000e+00      1.000000e+00     -1.315244e-17      5.333000e-01
    384      1.000000e+00      1.000000e+00     -9.041668e-17      5.333000e-01
    385      1.000000e+00      1.000000e+00     -1.255565e-16      5.333000e-01
    386      1.000000e+00      1.000000e+00      4.990722e-17      5.333000e-01
    387      1.000000e+00      1.000000e+00      4.639210e-17      5.333000e-01
    388      1.000000e+00      1.000000e+00     -1.352717e-16      5.333000e-01
    389      1.000000e+00      1.000000e+00     -8.649526e-17      5.333000e-01
    390      1.000000e+00      1.000000e+00     -1.001092e-16      5.333000e-01
    391      1.000000e+00      1.000000e+00     -1.295469e-16      5.333000e-01
    392      1.000001e+00      1.000000e+00     -1.473155e-07      5.333000e-01
    393      1.000000e+00      1.000000e+00     -3.207050e-18      5.333000e-01
    394      1.000000e+00      1.000000e+00     -4.842416e-17      5.333000e-01
    395      1.000000e+00      1.000000e+00      1.915255e-17      5.333000e-01
    396      1.000000e+00      1.000000e+00     -4.526954e-18      5.333000e-01
    397      5.136156e+00      1.782459e-01      2.090432e-01      4.043033e-01
    398      5.283391e+00      1.760781e-01      1.948333e-01      4.032419e-01
    399      5.430252e+00      1.265515e-01      1.564468e-01      3.982055e-01
    400      1.000000e+00      1.000000e+00      8.425314e-17      5.333000e-01
    401      1.000000e+00      1.000000e+00      1.171272e-16      5.333000e-01
    402      1.000000e+00      1.000000e+00      9.778240e-18      5.333000e-01
    403      1.000000e+00      1.000000e+00     -7.089067e-17      5.333000e-01
    404      1.000000e+00      1.000000e+00      5.901765e-18      5.333000e-01
    405      1.000000e+00      1.000000e+00      5.072559e-17      5.333000e-01
    406      1.000000e+00      1.000000e+00      7.732416e-17      5.333000e-01
    407      1.000000e+00      1.000000e+00      4.461189e-17      5.333000e-01
    408      1.000000e+00      1.000000e+00     -1.361003e-16      5.333000e-01
    409      1.000000e+00      1.000000e+00     -5.512374e-17      5.333000e-01
    410      1.227638e+00      8.994191e-01      5.572375e-02      5.023664e-01
    411      1.000000e+00      1.000000e+00     -6.235890e-17      5.333000e-01
    412      1.000000e+00      1.000000e+00      9.959169e-17      5.333000e-01
    413      5.588162e+00      2.648512e-02      3.865652e-02      3.899433e-01
    414      1.000000e+00      1.000000e+00      2.765557e-17      5.333000e-01
    415      5.118896e+00      1.358201e-01      1.914397e-01      3.991822e-01
    416      5.357573e+00      8.997523e-02      1.703074e-01      4.006425e-01
    417      5.064730e+00      1.129877e-01      2.063504e-01      4.021011e-01
    418      5.630078e+00      1.334401e-01      1.143364e-01      3.950421e-01
    419      1.000000e+00      1.000000e+00     -2.673140e-17      5.333000e-01
    420      1.000000e+00      1.000000e+00      2.460748e-17      5.333000e-01
    421      1.914102e+00      5.941654e-01      1.999403e-01      4.473654e-01
    422      2.337561e+00      5.687064e-01      2.392871e-01      4.473533e-01
    423      1.000000e+00      1.000000e+00     -6.394464e-17      5.333000e-01
    424      1.000000e+00      1.000000e+00     -4.043350e-18      5.333000e-01
    425      2.084726e+00      5.616654e-01      2.211306e-01      4.431339e-01
    426      2.480889e+00      5.393935e-01      2.476070e-01      4.432207e-01
    427      2.629163e+00      5.477032e-01      2.619557e-01      4.456038e-01
    428      3.184038e+00      5.814843e-01      3.084798e-01      4.518289e-01
    429      2.532484e+00      5.706711e-01      2.589918e-01      4.490011e-01
    430      2.889821e+00      4.963745e-01      2.692758e-01      4.382917e-01
    431      1.000000e+00      1.000000e+00     -1.577094e-17      5.333000e-01
    432      1.000000e+00      1.000000e+00     -1.178295e-17      5.333000e-01
    433      1.000000e+00      1.000000e+00      5.304519e-18      5.333000e-01
    434      1.000000e+00      1.000000e+00     -6.114130e-18      5.333000e-01
    435      1.000000e+00      1.000000e+00      8.375366e-18      5.333000e-01
    436      1.000000e+00      1.000000e+00      4.148796e-17      5.333000e-01
    437      1.000001e+00      1.000000e+00     -1.112117e-07      5.333000e-01
    438      1.000000e+00      1.000000e+00      7.150662e-17      5.333000e-01
