 Nodal density, velocity and total energy solutions [  473]:

   Node        density        u-velocity        v-velocity         total energy
      1      1.000000e+00      9.744000e-01      2.250000e-01      6.687000e+03
      2      1.000000e+00      9.744000e-01      2.250000e-01      6.687000e+03
      3      1.000000e+00      9.744000e-01      2.250000e-01      6.687000e+03
      4      1.000000e+00      9.744000e-01      2.250000e-01      6.687000e+03
      5      1.000000e+00      9.744000e-01      2.250000e-01      6.687000e+03
      6      1.000000e+00      9.744000e-01      2.250000e-01      6.687000e+03
      7      1.000000e+00      9.744000e-01      2.250000e-01      6.687000e+03
      8      1.000000e+00      9.744000e-01      2.250000e-01      6.687000e+03
      9      1.000000e+00      9.744000e-01      2.250000e-01      6.687000e+03
     10      1.000000e+00      9.744000e-01      2.250000e-01      6.687000e+03
     11      1.000000e+00      9.744000e-01      2.250000e-01      6.687000e+03
     12      1.000000e+00      9.744000e-01      2.250000e-01      6.687000e+03
     13      1.000000e+00      9.744000e-01      2.250000e-01      6.687000e+03
     14      1.000000e+00      9.744000e-01      2.250000e-01      6.687000e+03
     15      1.000000e+00      9.744000e-01      2.250000e-01      6.687000e+03
     16      1.000000e+00      9.744000e-01      2.250000e-01      6.687000e+03
     17      1.000000e+00      9.744000e-01      2.250000e-01      6.687000e+03
     18      1.000000e+00      9.744000e-01      2.250000e-01      6.687000e+03
     19      1.000000e+00      9.744000e-01      2.250000e-01      6.687000e+03
     20      1.000000e+00      9.744000e-01      2.250000e-01      6.687000e+03
     21      1.000000e+00      9.744000e-01      2.250000e-01      6.687000e+03
     22      1.000000e+00      9.744000e-01      2.250000e-01      6.687000e+03
     23      1.000000e+00      9.744000e-01      2.250000e-01      6.687000e+03
     24      1.000000e+00      9.744000e-01      2.250000e-01      6.687000e+03
     25      1.000000e+00      9.744000e-01      2.250000e-01      6.687000e+03
     26      1.000000e+00      9.744000e-01      2.250000e-01      6.687000e+03
     27      1.000000e+00      9.744000e-01      2.250000e-01      6.687000e+03
     28      1.000000e+00      9.744000e-01      2.250000e-01      6.687000e+03
     29      1.000000e+00      9.744000e-01      2.250000e-01      6.687000e+03
     30      1.000000e+00      9.744000e-01      2.250000e-01      6.687000e+03
     31      1.000000e+00      9.744000e-01      2.250000e-01      6.687000e+03
     32      1.000000e+00      9.744000e-01      2.250000e-01      6.687000e+03
     33      1.000000e+00      9.744000e-01      2.250000e-01      6.687000e+03
     34      1.000000e+00      9.744000e-01      2.250000e-01      6.687000e+03
     35      1.000000e+00      9.744000e-01      2.250000e-01      6.687000e+03
     36      1.000000e+00      9.744000e-01      2.250000e-01      6.687000e+03
     37      1.000000e+00      9.744000e-01      2.250000e-01      6.687000e+03
     38      1.000000e+00      9.744000e-01      2.250000e-01      6.687000e+03
     39      1.000000e+00      9.744000e-01      2.250000e-01      6.687000e+03
     40      1.000000e+00      9.744000e-01      2.250000e-01      6.687000e+03
     41      1.000000e+00      9.744000e-01      2.250000e-01      6.687000e+03
     42      1.000000e+00      9.744000e-01      2.250000e-01      6.687000e+03
     43      1.003283e+00      8.560136e-01      1.547151e-05      6.695644e+03
     44      1.003281e+00      9.336562e-01      2.325841e-02      6.695705e+03
     45      1.003281e+00      9.057168e-01      2.158817e-02      6.695681e+03
     46      1.003281e+00      8.864548e-01      1.762745e-02      6.695663e+03
     47      1.003282e+00      8.748289e-01      1.506126e-02      6.695655e+03
     48      1.003282e+00      8.641373e-01      1.283994e-02      6.695647e+03
     49      1.003282e+00      8.569324e-01      1.010648e-02      6.695642e+03
     50      1.003283e+00      8.526490e-01      7.192369e-03      6.695639e+03
     51      1.003283e+00      8.520239e-01      5.350722e-03      6.695640e+03
     52      1.003283e+00      8.519108e-01      4.126086e-03      6.695640e+03
     53      1.003283e+00      8.537988e-01      1.809409e-03      6.695642e+03
     54      1.000000e+00      9.744000e-01      2.250000e-01      6.687000e+03
     55      1.003282e+00      8.543937e-01      6.088998e-04      6.695642e+03
     56      1.003282e+00      8.522475e-01      4.139936e-04      6.695639e+03
     57      1.003281e+00      8.502340e-01      5.415467e-04      6.695636e+03
     58      1.003281e+00      8.480687e-01      6.331766e-04      6.695633e+03
     59      1.003280e+00      8.459822e-01      6.316841e-04      6.695630e+03
     60      1.003280e+00      8.439896e-01      6.451490e-04      6.695627e+03
     61      1.003280e+00      8.421587e-01      5.774664e-04      6.695624e+03
     62      1.003279e+00      8.406906e-01      4.362581e-04      6.695622e+03
     63      1.003279e+00      8.397706e-01      2.305143e-04      6.695620e+03
     64      1.003278e+00      8.395958e-01     -5.015361e-05      6.695619e+03
     65      1.003278e+00      8.401239e-01     -2.629004e-04      6.695619e+03
     66      1.003277e+00      8.414813e-01     -5.905910e-04      6.695620e+03
     67      1.003277e+00      8.436074e-01     -8.008082e-04      6.695621e+03
     68      1.003277e+00      8.466503e-01     -1.170727e-03      6.695623e+03
     69      1.003276e+00      8.507973e-01     -1.525456e-03      6.695627e+03
     70      1.003275e+00      8.559677e-01     -1.830627e-03      6.695631e+03
     71      1.003275e+00      8.620538e-01     -2.095206e-03      6.695637e+03
     72      1.003274e+00      8.689222e-01     -2.304957e-03      6.695643e+03
     73      1.003274e+00      8.763521e-01     -2.435655e-03      6.695649e+03
     74      1.003273e+00      8.840761e-01     -2.477798e-03      6.695655e+03
     75      1.003272e+00      8.918212e-01     -2.436659e-03      6.695661e+03
     76      1.003272e+00      8.993518e-01     -2.328361e-03      6.695666e+03
     77      1.003271e+00      9.065002e-01     -2.177013e-03      6.695672e+03
     78      1.003270e+00      9.131729e-01     -2.010366e-03      6.695676e+03
     79      1.003270e+00      9.193709e-01     -1.850376e-03      6.695680e+03
     80      1.003269e+00      9.251826e-01     -1.717973e-03      6.695684e+03
     81      1.003268e+00      9.308727e-01     -1.648331e-03      6.695688e+03
     82      1.003268e+00      9.375044e-01     -1.740413e-03      6.695694e+03
     83      1.003268e+00      9.420003e-01     -1.504737e-05      6.695698e+03
     84      1.003267e+00      9.437757e-01     -5.758356e-04      6.695698e+03
     85      1.003267e+00      9.470163e-01     -1.048772e-03      6.695700e+03
     86      1.003267e+00      9.505305e-01     -1.097670e-03      6.695704e+03
     87      1.003267e+00      9.535566e-01     -9.041216e-04      6.695707e+03
     88      1.003268e+00      9.554207e-01     -4.363922e-04      6.695712e+03
     89      1.003269e+00      9.552167e-01      3.974392e-04      6.695716e+03
     90      1.003272e+00      9.516824e-01      1.729756e-03      6.695720e+03
     91      1.003276e+00      9.430626e-01      3.767190e-03      6.695724e+03
     92      1.003283e+00      9.263828e-01      7.229736e-03      6.695729e+03
     93      1.003296e+00      8.825799e-01      2.227120e-02      6.695725e+03
     94      1.003313e+00      8.254340e-01      2.890268e-02      6.695723e+03
     95      1.000000e+00      9.744000e-01      2.250000e-01      6.687000e+03
     96      1.000000e+00      9.744000e-01      2.250000e-01      6.687000e+03
     97      1.000000e+00      9.744000e-01      2.250000e-01      6.687000e+03
     98      1.000000e+00      9.744000e-01      2.250000e-01      6.687000e+03
     99      1.000000e+00      9.744000e-01      2.250000e-01      6.687000e+03
    100      1.000000e+00      9.744000e-01      2.250000e-01      6.687000e+03
    101      1.000000e+00      9.744000e-01      2.250000e-01      6.687000e+03
    102      1.000000e+00      9.744000e-01      2.250000e-01      6.687000e+03
    103      1.000000e+00      9.744000e-01      2.250000e-01      6.687000e+03
    104      1.000000e+00      9.744000e-01      2.250000e-01      6.687000e+03
    105      1.003210e+00      7.419039e-01      5.273324e-02      6.695374e+03
    106      1.003227e+00      7.247508e-01      2.291503e-02      6.695407e+03
    107      1.003237e+00      7.244453e-01      1.548233e-02      6.695434e+03
    108      1.003244e+00      7.273032e-01      1.470488e-02      6.695454e+03
    109      1.003249e+00      7.333971e-01      1.418585e-02      6.695473e+03
    110      1.003253e+00      7.424944e-01      1.399809e-02      6.695490e+03
    111      1.003256e+00      7.528304e-01      1.420758e-02      6.695506e+03
    112      1.003258e+00      7.635872e-01      1.465340e-02      6.695521e+03
    113      1.003260e+00      7.743838e-01      1.524635e-02      6.695534e+03
    114      1.003262e+00      7.850276e-01      1.591357e-02      6.695546e+03
    115      1.003263e+00      7.953498e-01      1.663134e-02      6.695557e+03
    116      1.003265e+00      8.050474e-01      1.741140e-02      6.695568e+03
    117      1.003266e+00      8.138840e-01      1.816005e-02      6.695577e+03
    118      1.003267e+00      8.219597e-01      1.874822e-02      6.695586e+03
    119      1.003268e+00      8.294802e-01      1.921979e-02      6.695593e+03
    120      1.003268e+00      8.365898e-01      1.960590e-02      6.695601e+03
    121      1.003269e+00      8.434061e-01      1.989292e-02      6.695608e+03
    122      1.003270e+00      8.500288e-01      2.008241e-02      6.695614e+03
    123      1.003271e+00      8.565413e-01      2.018800e-02      6.695621e+03
    124      1.003272e+00      8.630049e-01      2.023493e-02      6.695627e+03
    125      1.003272e+00      8.694384e-01      2.027359e-02      6.695634e+03
    126      1.003273e+00      8.758065e-01      2.036217e-02      6.695640e+03
    127      1.003274e+00      8.820273e-01      2.055912e-02      6.695646e+03
    128      1.003274e+00      8.880043e-01      2.093607e-02      6.695652e+03
    129      1.003275e+00      8.937145e-01      2.162587e-02      6.695658e+03
    130      1.003276e+00      8.995230e-01      2.243927e-02      6.695664e+03
    131      1.003276e+00      9.036289e-01      2.385571e-02      6.695668e+03
    132      1.003277e+00      9.024798e-01      2.254662e-02      6.695668e+03
    133      1.003278e+00      9.093407e-01      1.896002e-02      6.695677e+03
    134      1.003276e+00      9.103277e-01      1.947411e-02      6.695674e+03
    135      1.003277e+00      9.315098e-01      2.324839e-02      6.695694e+03
    136      1.003278e+00      9.241671e-01      2.489287e-02      6.695690e+03
    137      1.003279e+00      9.223590e-01      2.435818e-02      6.695690e+03
    138      1.003280e+00      9.218979e-01      2.386862e-02      6.695691e+03
    139      1.003280e+00      9.217552e-01      2.372530e-02      6.695692e+03
    140      1.003280e+00      9.211504e-01      2.380521e-02      6.695693e+03
    141      1.003281e+00      9.198453e-01      2.413253e-02      6.695692e+03
    142      1.003281e+00      9.196922e-01      2.337215e-02      6.695693e+03
    143      1.003281e+00      9.167159e-01      2.149133e-02      6.695690e+03
    144      1.003281e+00      8.931940e-01      1.873141e-02      6.695669e+03
    145      1.003281e+00      8.797466e-01      1.694336e-02      6.695658e+03
    146      1.003282e+00      8.679059e-01      1.442875e-02      6.695649e+03
    147      1.003282e+00      8.585175e-01      1.145626e-02      6.695642e+03
    148      1.003282e+00      8.527180e-01      8.744584e-03      6.695638e+03
    149      1.003282e+00      8.505374e-01      5.780386e-03      6.695638e+03
    150      1.003282e+00      8.509436e-01      3.489047e-03      6.695638e+03
    151      1.003282e+00      8.520443e-01      1.615210e-03      6.695639e+03
    152      1.003281e+00      8.506300e-01      1.235206e-03      6.695637e+03
    153      1.003281e+00      8.484802e-01      1.711461e-03      6.695634e+03
    154      1.003281e+00      8.462758e-01      1.856489e-03      6.695631e+03
    155      1.003280e+00      8.442334e-01      1.896066e-03      6.695628e+03
    156      1.003280e+00      8.422923e-01      1.839089e-03      6.695625e+03
    157      1.003279e+00      8.405822e-01      1.558211e-03      6.695623e+03
    158      1.003279e+00      8.392987e-01      1.066605e-03      6.695621e+03
    159      1.003279e+00      8.386216e-01      3.770038e-04      6.695619e+03
    160      1.003278e+00      8.387009e-01     -3.897316e-04      6.695618e+03
    161      1.003278e+00      8.394725e-01     -1.116183e-03      6.695618e+03
    162      1.003277e+00      8.410677e-01     -1.976024e-03      6.695619e+03
    163      1.003277e+00      8.434039e-01     -2.729722e-03      6.695621e+03
    164      1.003276e+00      8.466555e-01     -3.804984e-03      6.695623e+03
    165      1.003276e+00      8.509522e-01     -4.775902e-03      6.695627e+03
    166      1.003275e+00      8.561767e-01     -5.605818e-03      6.695631e+03
    167      1.003275e+00      8.622129e-01     -6.311656e-03      6.695636e+03
    168      1.003274e+00      8.688698e-01     -6.816481e-03      6.695642e+03
    169      1.003273e+00      8.758932e-01     -7.073971e-03      6.695648e+03
    170      1.003273e+00      8.830309e-01     -7.079240e-03      6.695653e+03
    171      1.003272e+00      8.900531e-01     -6.863666e-03      6.695658e+03
    172      1.003271e+00      8.967818e-01     -6.486431e-03      6.695663e+03
    173      1.003271e+00      9.031067e-01     -6.023413e-03      6.695667e+03
    174      1.003270e+00      9.089971e-01     -5.545930e-03      6.695671e+03
    175      1.003269e+00      9.145033e-01     -5.106763e-03      6.695675e+03
    176      1.003269e+00      9.197625e-01     -4.737709e-03      6.695678e+03
    177      1.003268e+00      9.250805e-01     -4.435362e-03      6.695681e+03
    178      1.003268e+00      9.325490e-01     -3.073539e-03      6.695688e+03
    179      1.003267e+00      9.344083e-01     -3.040191e-03      6.695688e+03
    180      1.003267e+00      9.368464e-01     -3.319073e-03      6.695689e+03
    181      1.003267e+00      9.390959e-01     -3.017818e-03      6.695691e+03
    182      1.003267e+00      9.406263e-01     -2.047666e-03      6.695693e+03
    183      1.003268e+00      9.407477e-01     -2.163185e-04      6.695696e+03
    184      1.003270e+00      9.384647e-01      2.782834e-03      6.695699e+03
    185      1.003273e+00      9.323313e-01      7.410808e-03      6.695701e+03
    186      1.003278e+00      9.202143e-01      1.474193e-02      6.695703e+03
    187      1.003285e+00      8.976755e-01      3.048176e-02      6.695702e+03
    188      1.003294e+00      8.603990e-01      5.598048e-02      6.695690e+03
    189      1.003307e+00      8.298435e-01      7.511323e-02      6.695703e+03
    190      1.003297e+00      8.007822e-01      1.181232e-01      6.695644e+03
    191      1.003283e+00      7.836873e-01      1.423040e-01      6.695593e+03
    192      1.003272e+00      7.772113e-01      1.491237e-01      6.695558e+03
    193      1.003261e+00      7.686149e-01      1.474379e-01      6.695523e+03
    194      1.003251e+00      7.584578e-01      1.368347e-01      6.695488e+03
    195      1.003241e+00      7.491746e-01      1.161542e-01      6.695456e+03
    196      1.003230e+00      7.324462e-01      7.239091e-02      6.695415e+03
    197      1.003236e+00      6.964971e-01      2.676771e-02      6.695407e+03
    198      1.003243e+00      6.854870e-01      1.962248e-02      6.695418e+03
    199      1.003249e+00      6.774423e-01      1.247808e-02      6.695427e+03
    200      1.003253e+00      6.760191e-01      7.799232e-03      6.695438e+03
    201      1.003256e+00      6.794483e-01      5.638050e-03      6.695449e+03
    202      1.003258e+00      6.856768e-01      4.807413e-03      6.695460e+03
    203      1.003260e+00      6.936532e-01      4.839828e-03      6.695471e+03
    204      1.003262e+00      7.027040e-01      5.455559e-03      6.695482e+03
    205      1.003263e+00      7.124469e-01      6.456324e-03      6.695492e+03
    206      1.003264e+00      7.224124e-01      7.769524e-03      6.695503e+03
    207      1.003265e+00      7.320891e-01      9.092971e-03      6.695512e+03
    208      1.003266e+00      7.415141e-01      1.000814e-02      6.695522e+03
    209      1.003267e+00      7.507516e-01      1.080960e-02      6.695530e+03
    210      1.003268e+00      7.597706e-01      1.158230e-02      6.695539e+03
    211      1.003269e+00      7.686747e-01      1.222978e-02      6.695547e+03
    212      1.003269e+00      7.775566e-01      1.268007e-02      6.695555e+03
    213      1.003270e+00      7.864956e-01      1.293442e-02      6.695564e+03
    214      1.003271e+00      7.955456e-01      1.303976e-02      6.695572e+03
    215      1.003271e+00      8.047120e-01      1.308589e-02      6.695580e+03
    216      1.003272e+00      8.139478e-01      1.318210e-02      6.695588e+03
    217      1.003273e+00      8.231645e-01      1.343612e-02      6.695596e+03
    218      1.003273e+00      8.322716e-01      1.392035e-02      6.695604e+03
    219      1.003274e+00      8.412583e-01      1.466692e-02      6.695612e+03
    220      1.003274e+00      8.503538e-01      1.568241e-02      6.695620e+03
    221      1.003275e+00      8.592465e-01      1.808741e-02      6.695628e+03
    222      1.003275e+00      8.654027e-01      1.794989e-02      6.695632e+03
    223      1.003276e+00      8.673321e-01      1.980569e-02      6.695637e+03
    224      1.003277e+00      8.708142e-01      1.726030e-02      6.695641e+03
    225      1.003276e+00      8.661054e-01      1.569581e-02      6.695635e+03
    226      1.003277e+00      8.890736e-01      2.114074e-02      6.695658e+03
    227      1.003278e+00      8.852639e-01      2.141234e-02      6.695656e+03
    228      1.003279e+00      8.857215e-01      2.100409e-02      6.695658e+03
    229      1.003280e+00      8.866714e-01      2.109664e-02      6.695660e+03
    230      1.003280e+00      8.872136e-01      2.126456e-02      6.695662e+03
    231      1.003280e+00      8.868169e-01      2.108858e-02      6.695662e+03
    232      1.003281e+00      8.847425e-01      2.035736e-02      6.695661e+03
    233      1.003281e+00      8.912758e-01      2.008466e-02      6.695667e+03
    234      1.003281e+00      8.707585e-01      1.722636e-02      6.695650e+03
    235      1.003282e+00      8.596700e-01      1.347355e-02      6.695642e+03
    236      1.003282e+00      8.525385e-01      1.051974e-02      6.695636e+03
    237      1.003282e+00      8.487457e-01      7.704392e-03      6.695634e+03
    238      1.003282e+00      8.480202e-01      5.202283e-03      6.695634e+03
    239      1.003282e+00      8.491903e-01      2.870685e-03      6.695635e+03
    240      1.003281e+00      8.460700e-01      3.933708e-03      6.695631e+03
    241      1.003281e+00      8.437180e-01      3.681432e-03      6.695628e+03
    242      1.003280e+00      8.418525e-01      3.750509e-03      6.695625e+03
    243      1.003280e+00      8.398835e-01      3.615646e-03      6.695622e+03
    244      1.003279e+00      8.380580e-01      2.977337e-03      6.695620e+03
    245      1.003279e+00      8.366330e-01      1.942012e-03      6.695618e+03
    246      1.003278e+00      8.357457e-01      5.312245e-04      6.695616e+03
    247      1.003278e+00      8.356491e-01     -9.589196e-04      6.695615e+03
    248      1.003278e+00      8.361258e-01     -2.371132e-03      6.695614e+03
    249      1.003277e+00      8.374254e-01     -4.044027e-03      6.695615e+03
    250      1.003277e+00      8.392619e-01     -5.447871e-03      6.695616e+03
    251      1.003276e+00      8.417921e-01     -7.513150e-03      6.695618e+03
    252      1.003276e+00      8.452701e-01     -9.224516e-03      6.695621e+03
    253      1.003275e+00      8.495749e-01     -1.073995e-02      6.695625e+03
    254      1.003274e+00      8.544772e-01     -1.193295e-02      6.695629e+03
    255      1.003274e+00      8.597062e-01     -1.267728e-02      6.695633e+03
    256      1.003273e+00      8.650739e-01     -1.294203e-02      6.695637e+03
    257      1.003272e+00      8.704093e-01     -1.275589e-02      6.695641e+03
    258      1.003272e+00      8.755644e-01     -1.220464e-02      6.695644e+03
    259      1.003271e+00      8.804373e-01     -1.141765e-02      6.695647e+03
    260      1.003271e+00      8.849865e-01     -1.053746e-02      6.695649e+03
    261      1.003270e+00      8.892308e-01     -9.678792e-03      6.695651e+03
    262      1.003269e+00      8.932369e-01     -8.898196e-03      6.695653e+03
    263      1.003269e+00      8.971009e-01     -8.152853e-03      6.695655e+03
    264      1.003268e+00      9.008356e-01     -7.304988e-03      6.695657e+03
    265      1.003268e+00      9.031378e-01     -6.534148e-03      6.695657e+03
    266      1.003267e+00      9.035824e-01     -6.058862e-03      6.695656e+03
    267      1.003267e+00      9.034983e-01     -5.874493e-03      6.695654e+03
    268      1.003267e+00      9.031716e-01     -4.725761e-03      6.695653e+03
    269      1.003267e+00      9.022941e-01     -2.262870e-03      6.695652e+03
    270      1.003268e+00      9.002087e-01      1.854647e-03      6.695652e+03
    271      1.003270e+00      8.957087e-01      8.349640e-03      6.695652e+03
    272      1.003273e+00      8.869910e-01      1.838241e-02      6.695651e+03
    273      1.003277e+00      8.716788e-01      3.480305e-02      6.695649e+03
    274      1.003282e+00      8.487686e-01      6.161716e-02      6.695641e+03
    275      1.003287e+00      8.210240e-01      9.038503e-02      6.695631e+03
    276      1.003276e+00      7.995064e-01      9.750112e-02      6.695583e+03
    277      1.003267e+00      7.735381e-01      1.088711e-01      6.695537e+03
    278      1.003258e+00      7.561561e-01      1.037366e-01      6.695501e+03
    279      1.003250e+00      7.384384e-01      8.928027e-02      6.695468e+03
    280      1.003242e+00      7.155208e-01      5.847550e-02      6.695434e+03
    281      1.003249e+00      7.034657e-01      4.003947e-02      6.695443e+03
    282      1.003253e+00      6.838617e-01      1.699396e-02      6.695439e+03
    283      1.003257e+00      6.786247e-01      8.101240e-03      6.695445e+03
    284      1.003259e+00      6.777345e-01      2.673416e-03      6.695451e+03
    285      1.003261e+00      6.796067e-01     -2.839044e-04      6.695457e+03
    286      1.003262e+00      6.832863e-01     -1.483468e-03      6.695464e+03
    287      1.003264e+00      6.881239e-01     -1.483594e-03      6.695471e+03
    288      1.003265e+00      6.936377e-01     -5.449230e-04      6.695479e+03
    289      1.003266e+00      6.996547e-01      8.698322e-04      6.695486e+03
    290      1.003267e+00      7.068700e-01      1.453413e-03      6.695493e+03
    291      1.003267e+00      7.148382e-01      2.072468e-03      6.695501e+03
    292      1.003268e+00      7.228056e-01      2.932023e-03      6.695509e+03
    293      1.003269e+00      7.308628e-01      3.744609e-03      6.695516e+03
    294      1.003269e+00      7.391446e-01      4.330502e-03      6.695524e+03
    295      1.003270e+00      7.477400e-01      4.624072e-03      6.695532e+03
    296      1.003271e+00      7.566943e-01      4.668383e-03      6.695540e+03
    297      1.003271e+00      7.660013e-01      4.579046e-03      6.695548e+03
    298      1.003272e+00      7.755965e-01      4.513494e-03      6.695556e+03
    299      1.003273e+00      7.853684e-01      4.630572e-03      6.695565e+03
    300      1.003273e+00      7.951816e-01      5.052752e-03      6.695573e+03
    301      1.003274e+00      8.049040e-01      5.828866e-03      6.695582e+03
    302      1.003274e+00      8.144039e-01      6.928079e-03      6.695590e+03
    303      1.003275e+00      8.234499e-01      8.369609e-03      6.695598e+03
    304      1.003275e+00      8.327717e-01      1.056376e-02      6.695606e+03
    305      1.003275e+00      8.390147e-01      1.102100e-02      6.695608e+03
    306      1.003277e+00      8.421763e-01      1.452043e-02      6.695616e+03
    307      1.003277e+00      8.521099e-01      1.669821e-02      6.695626e+03
    308      1.003277e+00      8.516443e-01      1.234113e-02      6.695625e+03
    309      1.003277e+00      8.606553e-01      1.502102e-02      6.695633e+03
    310      1.003278e+00      8.612794e-01      1.554175e-02      6.695635e+03
    311      1.003279e+00      8.626301e-01      1.664143e-02      6.695638e+03
    312      1.003280e+00      8.640957e-01      1.744045e-02      6.695640e+03
    313      1.003280e+00      8.651265e-01      1.784298e-02      6.695642e+03
    314      1.003280e+00      8.649675e-01      1.733775e-02      6.695643e+03
    315      1.003281e+00      8.627907e-01      1.571935e-02      6.695642e+03
    316      1.003281e+00      8.593349e-01      1.435851e-02      6.695640e+03
    317      1.003281e+00      8.526244e-01      1.193121e-02      6.695635e+03
    318      1.003281e+00      8.477733e-01      9.273006e-03      6.695631e+03
    319      1.003281e+00      8.458310e-01      6.786827e-03      6.695630e+03
    320      1.003281e+00      8.433212e-01      5.604678e-03      6.695627e+03
    321      1.003280e+00      8.416334e-01      5.039375e-03      6.695625e+03
    322      1.003280e+00      8.397271e-01      5.762476e-03      6.695622e+03
    323      1.003280e+00      8.373677e-01      5.564025e-03      6.695619e+03
    324      1.003279e+00      8.351363e-01      4.612416e-03      6.695616e+03
    325      1.003279e+00      8.331159e-01      3.119992e-03      6.695614e+03
    326      1.003278e+00      8.313918e-01      1.052642e-03      6.695611e+03
    327      1.003278e+00      8.305821e-01     -1.103229e-03      6.695609e+03
    328      1.003277e+00      8.300132e-01     -3.008796e-03      6.695608e+03
    329      1.003277e+00      8.304562e-01     -5.540572e-03      6.695608e+03
    330      1.003277e+00      8.311853e-01     -7.204988e-03      6.695608e+03
    331      1.003276e+00      8.321988e-01     -1.000883e-02      6.695609e+03
    332      1.003275e+00      8.342603e-01     -1.233304e-02      6.695610e+03
    333      1.003275e+00      8.368307e-01     -1.431125e-02      6.695612e+03
    334      1.003274e+00      8.394855e-01     -1.567870e-02      6.695614e+03
    335      1.003273e+00      8.422130e-01     -1.640877e-02      6.695616e+03
    336      1.003273e+00      8.449517e-01     -1.650316e-02      6.695618e+03
    337      1.003272e+00      8.476200e-01     -1.603370e-02      6.695619e+03
    338      1.003272e+00      8.501506e-01     -1.514586e-02      6.695620e+03
    339      1.003271e+00      8.525092e-01     -1.402870e-02      6.695620e+03
    340      1.003270e+00      8.546987e-01     -1.286481e-02      6.695620e+03
    341      1.003270e+00      8.567434e-01     -1.177802e-02      6.695620e+03
    342      1.003269e+00      8.586513e-01     -1.080048e-02      6.695620e+03
    343      1.003269e+00      8.603495e-01     -9.927272e-03      6.695619e+03
    344      1.003268e+00      8.612553e-01     -9.160426e-03      6.695618e+03
    345      1.003268e+00      8.605871e-01     -8.287959e-03      6.695616e+03
    346      1.003267e+00      8.581741e-01     -7.655914e-03      6.695612e+03
    347      1.003267e+00      8.553435e-01     -7.028586e-03      6.695607e+03
    348      1.003267e+00      8.530095e-01     -4.648740e-03      6.695603e+03
    349      1.003267e+00      8.509953e-01     -5.723302e-04      6.695601e+03
    350      1.003267e+00      8.482536e-01      5.933055e-03      6.695599e+03
    351      1.003268e+00      8.431636e-01      1.631414e-02      6.695597e+03
    352      1.003270e+00      8.340465e-01      3.285916e-02      6.695594e+03
    353      1.003274e+00      8.212267e-01      5.775333e-02      6.695592e+03
    354      1.003270e+00      7.874953e-01      7.840616e-02      6.695553e+03
    355      1.003263e+00      7.623372e-01      7.739417e-02      6.695516e+03
    356      1.003256e+00      7.374639e-01      6.855878e-02      6.695481e+03
    357      1.003255e+00      7.167297e-01      3.926255e-02      6.695464e+03
    358      1.003258e+00      7.107409e-01      2.367011e-02      6.695467e+03
    359      1.003260e+00      7.076347e-01      1.084798e-02      6.695470e+03
    360      1.003262e+00      7.062648e-01      2.528309e-03      6.695474e+03
    361      1.003263e+00      7.060859e-01     -2.215582e-03      6.695478e+03
    362      1.003264e+00      7.068669e-01     -4.549034e-03      6.695482e+03
    363      1.003265e+00      7.076162e-01     -5.242611e-03      6.695486e+03
    364      1.003266e+00      7.073592e-01     -4.308406e-03      6.695489e+03
    365      1.003267e+00      7.096075e-01     -4.888794e-03      6.695494e+03
    366      1.003268e+00      7.149763e-01     -4.686177e-03      6.695499e+03
    367      1.003268e+00      7.204570e-01     -3.955518e-03      6.695505e+03
    368      1.003269e+00      7.260699e-01     -3.240166e-03      6.695510e+03
    369      1.003269e+00      7.320257e-01     -2.750846e-03      6.695516e+03
    370      1.003270e+00      7.384663e-01     -2.591375e-03      6.695523e+03
    371      1.003271e+00      7.454563e-01     -2.757911e-03      6.695529e+03
    372      1.003271e+00      7.529907e-01     -3.137446e-03      6.695536e+03
    373      1.003272e+00      7.610040e-01     -3.546698e-03      6.695544e+03
    374      1.003272e+00      7.693820e-01     -3.777705e-03      6.695551e+03
    375      1.003273e+00      7.779791e-01     -3.647926e-03      6.695559e+03
    376      1.003274e+00      7.866368e-01     -3.041061e-03      6.695566e+03
    377      1.003274e+00      7.951870e-01     -1.927504e-03      6.695574e+03
    378      1.003275e+00      8.034264e-01     -3.447889e-04      6.695581e+03
    379      1.003275e+00      8.112358e-01      1.396376e-03      6.695588e+03
    380      1.003276e+00      8.181124e-01      3.246417e-03      6.695593e+03
    381      1.003276e+00      8.211640e-01      9.177729e-04      6.695597e+03
    382      1.003278e+00      8.362575e-01      1.039640e-02      6.695614e+03
    383      1.003278e+00      8.365145e-01      8.650883e-03      6.695614e+03
    384      1.003278e+00      8.493282e-01      1.126218e-02      6.695624e+03
    385      1.003279e+00      8.484567e-01      1.253864e-02      6.695625e+03
    386      1.003279e+00      8.496337e-01      1.343485e-02      6.695627e+03
    387      1.003280e+00      8.510857e-01      1.428892e-02      6.695630e+03
    388      1.003280e+00      8.521335e-01      1.467320e-02      6.695631e+03
    389      1.003280e+00      8.525422e-01      1.398972e-02      6.695633e+03
    390      1.003281e+00      8.528980e-01      1.239154e-02      6.695634e+03
    391      1.003281e+00      8.477745e-01      1.040100e-02      6.695630e+03
    392      1.003281e+00      8.443863e-01      8.186900e-03      6.695628e+03
    393      1.003280e+00      8.414493e-01      7.066119e-03      6.695624e+03
    394      1.003280e+00      8.391884e-01      8.412779e-03      6.695621e+03
    395      1.003280e+00      8.368161e-01      8.087022e-03      6.695618e+03
    396      1.003279e+00      8.342352e-01      6.986657e-03      6.695615e+03
    397      1.003279e+00      8.316100e-01      5.298577e-03      6.695611e+03
    398      1.003278e+00      8.284165e-01      3.009575e-03      6.695607e+03
    399      1.003278e+00      8.261700e-01     -4.301648e-04      6.695605e+03
    400      1.003277e+00      8.235298e-01     -2.344741e-03      6.695601e+03
    401      1.003277e+00      8.237071e-01     -5.939591e-03      6.695601e+03
    402      1.003276e+00      8.207075e-01     -7.293458e-03      6.695598e+03
    403      1.003276e+00      8.208945e-01     -1.060318e-02      6.695598e+03
    404      1.003275e+00      8.208614e-01     -1.354758e-02      6.695598e+03
    405      1.003275e+00      8.205333e-01     -1.548987e-02      6.695597e+03
    406      1.003274e+00      8.201530e-01     -1.677115e-02      6.695596e+03
    407      1.003273e+00      8.197788e-01     -1.733419e-02      6.695595e+03
    408      1.003273e+00      8.194118e-01     -1.719842e-02      6.695594e+03
    409      1.003272e+00      8.190449e-01     -1.648190e-02      6.695593e+03
    410      1.003271e+00      8.186816e-01     -1.538065e-02      6.695591e+03
    411      1.003271e+00      8.183400e-01     -1.412173e-02      6.695589e+03
    412      1.003270e+00      8.180436e-01     -1.290489e-02      6.695587e+03
    413      1.003270e+00      8.177914e-01     -1.185727e-02      6.695585e+03
    414      1.003269e+00      8.175006e-01     -1.104275e-02      6.695583e+03
    415      1.003269e+00      8.168323e-01     -1.046800e-02      6.695580e+03
    416      1.003268e+00      8.151878e-01     -9.966046e-03      6.695576e+03
    417      1.003267e+00      8.118591e-01     -9.228831e-03      6.695571e+03
    418      1.003267e+00      8.059884e-01     -8.291717e-03      6.695564e+03
    419      1.003266e+00      8.011162e-01     -7.033846e-03      6.695558e+03
    420      1.003266e+00      7.991223e-01     -3.675562e-03      6.695554e+03
    421      1.003266e+00      7.983020e-01      1.425338e-03      6.695552e+03
    422      1.003266e+00      7.968615e-01      9.886352e-03      6.695550e+03
    423      1.003266e+00      7.932883e-01      2.378956e-02      6.695547e+03
    424      1.003266e+00      7.844437e-01      4.967683e-02      6.695542e+03
    425      1.003260e+00      7.429010e-01      4.860714e-02      6.695494e+03
    426      1.003262e+00      7.474518e-01      2.729921e-02      6.695503e+03
    427      1.003263e+00      7.489864e-01      1.190284e-02      6.695507e+03
    428      1.003264e+00      7.488693e-01      2.520414e-03      6.695509e+03
    429      1.003265e+00      7.485597e-01     -2.960987e-03      6.695512e+03
    430      1.003265e+00      7.484581e-01     -5.587853e-03      6.695514e+03
    431      1.003266e+00      7.484516e-01     -7.659855e-03      6.695518e+03
    432      1.003267e+00      7.296541e-01     -8.370056e-03      6.695506e+03
    433      1.003268e+00      7.355797e-01     -8.608688e-03      6.695512e+03
    434      1.003268e+00      7.399049e-01     -8.007581e-03      6.695517e+03
    435      1.003269e+00      7.436663e-01     -7.582406e-03      6.695522e+03
    436      1.003269e+00      7.474075e-01     -7.407234e-03      6.695526e+03
    437      1.003270e+00      7.514328e-01     -7.542525e-03      6.695531e+03
    438      1.003271e+00      7.559198e-01     -8.015321e-03      6.695536e+03
    439      1.003271e+00      7.609268e-01     -8.751909e-03      6.695542e+03
    440      1.003272e+00      7.664241e-01     -9.583397e-03      6.695547e+03
    441      1.003272e+00      7.723301e-01     -1.028548e-02      6.695553e+03
    442      1.003273e+00      7.785332e-01     -1.062895e-02      6.695559e+03
    443      1.003273e+00      7.849079e-01     -1.043443e-02      6.695565e+03
    444      1.003274e+00      7.913279e-01     -9.613015e-03      6.695570e+03
    445      1.003275e+00      7.976774e-01     -8.183776e-03      6.695576e+03
    446      1.003275e+00      8.038429e-01     -6.249077e-03      6.695581e+03
    447      1.003276e+00      8.092526e-01     -3.843559e-03      6.695586e+03
    448      1.003276e+00      8.138338e-01     -3.490474e-03      6.695591e+03
    449      1.003277e+00      8.181769e-01     -3.629385e-03      6.695595e+03
    450      1.003277e+00      8.220347e-01      2.443088e-03      6.695600e+03
    451      1.003278e+00      8.257847e-01      2.904599e-03      6.695604e+03
    452      1.003278e+00      8.354961e-01      8.568989e-03      6.695613e+03
    453      1.003279e+00      8.370697e-01      9.087026e-03      6.695616e+03
    454      1.003279e+00      8.393859e-01      1.022406e-02      6.695619e+03
    455      1.003280e+00      8.414505e-01      1.125594e-02      6.695622e+03
    456      1.003280e+00      8.432376e-01      1.150262e-02      6.695624e+03
    457      1.003280e+00      8.448977e-01      1.043124e-02      6.695627e+03
    458      1.003276e+00      8.133484e-01     -7.124035e-03      6.695591e+03
    459      1.003275e+00      8.108789e-01     -9.847211e-03      6.695588e+03
    460      1.003275e+00      8.075470e-01     -1.215664e-02      6.695585e+03
    461      1.003274e+00      8.040515e-01     -1.389432e-02      6.695582e+03
    462      1.003274e+00      8.005006e-01     -1.496452e-02      6.695578e+03
    463      1.003273e+00      7.969634e-01     -1.531702e-02      6.695575e+03
    464      1.003272e+00      7.935027e-01     -1.500684e-02      6.695571e+03
    465      1.003272e+00      7.901838e-01     -1.419093e-02      6.695567e+03
    466      1.003271e+00      7.870720e-01     -1.309441e-02      6.695563e+03
    467      1.003271e+00      7.842235e-01     -1.195613e-02      6.695559e+03
    468      1.003270e+00      7.816657e-01     -1.097329e-02      6.695556e+03
    469      1.003270e+00      7.793576e-01     -1.026919e-02      6.695552e+03
    470      1.003269e+00      7.771033e-01     -9.883688e-03      6.695548e+03
    471      1.003268e+00      7.745102e-01     -9.770290e-03      6.695544e+03
    472      1.003268e+00      7.709907e-01     -9.871992e-03      6.695539e+03
    473      1.003267e+00      7.654215e-01     -9.940207e-03      6.695533e+03
